2	3290
3	63339
4	5811
5	7339
6	7639
7	26360
8	395
9	31950
10	1738
11	6095
12	27884
13	6912
14	6937
15	59912
16	47394
17	30954
18	6845
19	7563
20	25906
21	623
22	26144
23	26803
24	31104
25	3570
26	64575
27	857
28	58146
29	5408
30	8663
31	59721
32	5328
33	4099
34	1698
35	6644
36	6522
37	2981
38	8787
39	26521
40	8265
41	57504
42	27778
43	6692
44	33
45	50149
46	7474
47	31079
48	4922
49	8585
50	41411
51	6210
52	5703
53	3585
54	1543
55	42900
56	5771
57	54372
58	7940
59	3166
60	3047
61	41014
62	41025
63	5123
64	8855
65	4581
66	5256
67	31260
68	34540
69	49528
70	7219
71	51705
72	25763
73	52867
74	4423
75	31528
76	7128
77	6727
78	4761
79	32892
80	385
81	4870
82	4236
83	4199
84	30892
85	57401
86	8378
87	3245
88	3894
89	5580
90	6488
91	53
92	4959
93	32589
94	757
95	2945
96	4807
97	31114
98	7355
99	5779
100	4420
101	4300
102	1170
103	2778
104	7037
105	5864
106	264
107	4284
108	32116
109	4949
110	7453
111	5734
112	49284
113	4773
114	7071
115	5598
116	7335
117	53974
118	67
119	5199
120	5743
121	8782
122	6051
123	4680
124	5601
125	7489
126	7990
127	3371
128	26513
129	2086
130	8401
131	7300
132	4620
133	3886
134	2758
135	8338
136	3434
137	4331
138	8731
139	1662
140	5390
141	3951
142	7762
143	570
144	4414
145	6025
146	7297
147	8191
148	2128
149	34523
150	4462
151	1867
152	5648
153	2074
154	1324
155	997
156	1671
157	3962
158	3849
159	7767
160	2483
161	44759
162	26492
163	5337
164	2342
165	8125
166	3620
167	3537
168	6667
169	5818
170	2655
171	6193
172	40414
173	52967
174	7142
175	26085
176	2537
177	4294
178	5629
179	7308
180	4127
181	56941
182	48560
183	6002
184	4909
185	1533
186	5965
187	4476
188	1925
189	2733
190	55080
191	7059
192	7396
193	6125
194	5612
195	7924
196	8998
197	4438
198	3370
199	3579
200	2341
201	1859
202	3736
203	5454
204	5643
205	6722
206	7056
207	30848
208	5797
209	8011
210	40723
211	3427
212	3221
213	5304
214	7257
215	3694
216	2656
217	4965
218	49220
219	6530
220	49932
221	43460
222	2589
223	5732
224	2284
225	39715
226	4672
227	8607
228	5462
229	5962
230	3563
231	8576
232	7845
233	3109
234	2786
235	5538
236	1865
237	58047
238	3713
239	860
240	5096
241	39052
242	3042
243	6946
244	2461
245	6460
246	2630
247	2516
248	824
249	3679
250	3725
251	4240
252	8039
253	2697
254	3217
255	3214
256	26865
257	4336
258	659
259	4834
260	4771
261	4501
262	4373
263	7579
264	5752
265	59900
266	6268
267	3898
268	470
269	26614
270	3599
271	7089
272	7572
273	1650
274	5694
275	39449
276	36537
277	2784
278	7107
279	27731
280	6374
281	56251
282	6270
283	870
284	4125
285	27899
286	2818
287	33164
288	3041
289	8019
290	2691
291	6991
292	6558
293	8833
294	59725
295	3511
296	6060
297	4565
298	54004
299	813
300	1114
301	2205
302	1456
303	6561
304	49772
305	55908
306	295
307	7062
308	1582
309	59501
310	4444
311	2790
312	7104
313	6005
314	47644
315	1744
316	44788
317	896
318	2894
319	4168
320	31923
321	4736
322	178
323	3961
324	39234
325	6989
326	1640
327	4690
328	4354
329	1839
330	2417
331	6783
332	4614
333	1844
334	53956
335	5046
336	1739
337	4298
338	8589
340	5460
341	5707
342	483
343	52241
344	4495
345	4589
346	5177
347	36276
348	1733
349	5250
350	388
351	2267
352	5092
353	4709
354	5387
355	685
356	6533
357	3117
358	44397
359	5324
360	3457
361	2075
362	46335
363	30803
364	1447
365	3947
366	2264
367	4338
368	4251
369	5969
370	4233
371	37240
372	6650
373	4932
374	4143
375	982
376	495
377	577
378	4191
379	4628
380	1661
381	3445
382	486
383	6777
384	4802
385	3709
386	48982
387	1581
388	5410
389	715
390	5450
391	5568
392	269
393	26555
394	39381
395	5611
396	1755
397	603
398	53550
399	3769
400	3008
401	1654
402	6820
403	5363
404	7303
405	3569
406	152
407	626
408	3385
409	2314
410	4662
411	6951
412	3391
413	2451
414	5367
415	1337
416	5477
417	3919
418	254
419	5610
420	37382
421	4483
422	2925
423	4502
424	449
425	888
426	1731
427	1936
428	4068
429	5613
430	3857
431	36527
432	4357
433	4577
434	6183
435	58803
436	32598
437	4732
438	1404
439	1056
440	1495
441	7573
443	31225
444	4407
445	55995
446	4976
447	4082
448	7706
449	536
450	6852
451	48322
452	2460
453	2725
454	5804
455	4756
456	51084
457	2996
458	3206
459	5833
460	4541
461	5809
462	8531
463	54736
464	2519
465	2817
466	26242
467	5106
468	3506
469	99
470	304
471	4318
472	27266
473	7348
474	34153
475	3858
476	4153
478	5522
479	27788
480	4803
481	1410
482	3634
483	2548
484	1417
485	5323
486	49961
487	4531
488	45730
489	58025
490	8372
491	2095
492	5325
493	8169
494	7023
495	37380
496	384
497	5792
498	4003
499	7836
500	5853
501	7481
502	4218
503	1941
504	51077
505	7150
506	2024
508	31420
509	1646
510	6974
511	4745
512	2511
513	4719
514	2173
515	1942
516	44974
518	2365
519	8507
520	36519
521	4067
522	1986
523	52604
524	882
525	43396
526	2170
527	3225
528	1606
529	3299
530	3045
531	414
532	5214
533	4158
534	36535
535	39444
536	238
537	2041
538	5039
539	2660
540	1167
543	7649
544	2272
545	2843
546	3689
547	7802
548	897
550	240
551	2280
552	973
553	5803
554	56171
555	43936
556	1236
557	5548
558	6322
559	4526
560	33834
561	33836
562	7036
563	456
564	42723
565	54995
566	40
568	8866
569	3077
570	2748
571	1629
572	26776
573	2956
574	214
576	7073
577	4317
578	665
579	3550
580	990
581	35957
582	8596
583	1980
584	3024
585	3422
586	4727
587	47044
588	61132
589	2905
590	3182
591	2978
592	941
593	2500
594	6006
595	6166
597	36708
598	51935
599	5421
600	3865
601	2290
603	279
605	58295
606	2178
607	2385
608	6987
609	3420
610	4535
611	4267
612	1999
613	7123
614	6212
615	60074
616	4207
617	217
618	3727
620	1863
622	523
623	8870
624	321
625	4970
626	2017
627	1806
628	5391
629	313
631	3015
632	2970
633	4546
634	4902
636	3200
637	4031
639	34338
640	2888
641	6286
642	2354
643	4215
644	3430
645	5047
646	3515
647	4030
649	1667
650	6793
651	2787
652	3324
653	2615
654	3693
655	3387
656	49822
657	3519
658	4478
659	2077
660	6810
661	4304
662	6880
664	2377
665	2618
666	8937
667	2261
669	325
670	3700
672	53121
673	1484
674	4329
675	5508
676	4205
677	1875
678	3194
679	2561
681	48082
682	45672
683	2902
684	2943
685	4066
686	7570
687	5008
688	1981
689	4090
690	2043
691	5146
692	5147
693	2148
694	3090
695	2069
696	1592
697	2932
698	346
699	52328
700	7027
701	2026
702	8973
703	6617
704	5296
705	3036
706	57669
707	4424
708	3394
709	635
712	72
713	1365
714	5128
715	37727
718	881
719	7317
720	3308
721	4809
722	103
723	55052
724	4248
725	4936
726	2212
727	5608
728	691
730	4275
731	37386
732	274
733	4735
734	6213
735	27846
736	7842
737	48043
738	3576
739	2807
740	6238
741	522
742	45210
743	3729
744	26662
745	3864
746	6299
747	6764
748	6765
749	697
750	3538
751	3889
752	2555
753	7076
754	2453
755	8880
756	2091
757	4757
758	2789
759	6250
760	3950
761	1419
763	639
764	5478
766	5247
767	32031
769	4464
770	512
771	2443
772	4846
773	433
774	4356
776	1794
777	2611
779	2033
780	1043
782	1858
783	2171
785	2048
786	452
787	6538
788	4159
789	3682
790	3238
791	7324
792	354
793	2206
794	2670
795	3770
796	3347
797	2266
798	68
799	2102
800	5093
801	1432
802	1972
803	44694
804	326
805	5072
806	2147
807	5621
808	1973
809	4713
810	5479
811	3973
812	1554
813	936
814	3953
815	5016
816	4508
819	444
821	5108
822	3879
823	4866
825	2796
826	3093
828	3649
829	6664
830	6058
831	558
832	2151
833	3342
834	506
837	3074
838	2392
839	8907
841	47629
842	3134
843	4867
844	2506
845	2436
846	1948
848	4349
849	3270
850	30
851	7034
853	2891
854	352
855	2442
856	5540
857	312
860	155
861	48304
862	8947
863	2929
864	2097
866	5420
867	3097
868	5572
869	2259
870	892
872	4799
873	1361
874	205
875	27821
876	44022
879	3788
882	4406
883	422
884	650
885	4167
886	2263
887	6857
888	1399
889	5222
891	3244
893	2560
894	4228
895	97
898	2732
899	2668
900	3135
901	55247
902	171
903	3896
904	4587
905	57368
908	6550
909	1649
911	39446
912	2922
913	56757
914	6380
915	2504
916	3831
917	5970
918	429
919	4368
920	2736
921	3707
922	6367
923	1016
924	2287
925	1401
926	828
927	8966
928	5959
929	3742
930	3819
931	2520
935	3213
936	4703
940	3712
941	1975
942	4876
945	4941
946	27721
947	947
949	4047
950	4814
951	1840
953	801
954	55276
955	1648
957	2574
958	1190
959	2159
961	1453
962	6187
965	7444
966	35
967	1593
968	1216
969	27
970	1128
971	6952
972	3404
973	725
974	6993
975	3927
976	2860
977	8640
978	3786
979	3163
980	347
982	3296
983	3032
985	2633
986	2439
987	4519
988	45728
990	2252
991	1006
992	1821
993	2320
994	3494
995	30822
997	2829
999	886
1000	1014
1001	2014
1002	1111
1004	6755
1006	27904
1008	5943
1010	1939
1011	3811
1015	191
1018	3503
1019	5055
1021	27808
1023	2952
1024	7046
1025	2906
1027	1003
1028	1726
1029	6753
1031	4210
1033	1191
1037	2373
1038	2551
1039	612
1040	156
1041	4225
1042	7154
1043	4994
1044	3528
1045	1752
1046	258
1047	4247
1048	421
1049	2344
1050	3189
1053	5876
1054	4149
1058	1474
1059	2456
1060	511
1062	2606
1063	938
1064	2236
1065	2497
1066	3268
1067	810
1068	2806
1071	4678
1073	2924
1074	918
1075	1346
1076	4889
1077	2070
1078	1730
1079	3169
1080	3852
1082	2163
1083	4037
1084	4052
1085	1681
1086	2709
1087	2249
1088	5747
1089	7569
1090	501
1091	3440
1092	4386
1093	2815
1094	829
1098	3365
1099	59615
1100	52281
1101	611
1102	1931
1103	2360
1104	2772
1106	8645
1107	2901
1108	1050
1110	1658
1112	3022
1115	3684
1116	3525
1117	45720
1118	3997
1124	4040
1125	2693
1127	416
1128	7158
1130	6283
1132	1734
1134	6888
1135	2408
1137	5267
1138	742
1140	2730
1141	5690
1142	5292
1143	213
1144	2121
1145	365
1147	51540
1148	6552
1151	53322
1153	2142
1154	2203
1155	3262
1156	581
1157	2961
1159	1389
1160	2594
1161	2883
1162	7371
1163	8366
1165	93
1166	437
1167	1177
1168	6297
1170	2155
1171	6593
1173	2889
1174	1797
1175	766
1176	4887
1177	2531
1178	8132
1179	5452
1180	6586
1181	2822
1183	34437
1184	3007
1185	3812
1186	2162
1187	2532
1188	3201
1189	40629
1194	8533
1195	1082
1197	1727
1198	4291
1200	53972
1201	1862
1202	1130
1203	2867
1206	2793
1207	56782
1210	3307
1211	2524
1212	3836
1214	4487
1215	4039
1216	2093
1217	2558
1218	2383
1221	5446
1222	1683
1223	7387
1224	5812
1226	8228
1227	1951
1228	123
1230	44555
1231	3040
1232	3676
1234	5025
1235	5957
1236	2946
1240	2382
1241	711
1242	3646
1244	2183
1245	1991
1246	945
1247	6104
1249	1480
1250	45186
1252	1305
1255	631
1257	1099
1259	3615
1263	102
1264	2130
1265	33615
1266	259
1267	4366
1268	2941
1269	6873
1271	52722
1273	3484
1274	2346
1276	5313
1281	48738
1282	3618
1283	1340
1284	1241
1288	2122
1291	6383
1292	2387
1293	6059
1295	8623
1296	931
1298	4642
1299	3614
1300	332
1301	8781
1303	7482
1304	1963
1307	360
1308	4677
1309	3917
1310	3688
1311	2750
1312	6595
1314	1279
1316	4700
1320	1541
1323	4880
1324	3185
1326	8638
1327	2322
1330	2731
1331	3358
1332	41285
1335	64
1337	1542
1338	132
1339	5574
1341	5500
1343	2363
1345	2034
1348	544
1350	3248
1351	2188
1352	40278
1354	5505
1355	4873
1357	2745
1359	2247
1360	31410
1363	1353
1366	34150
1367	3701
1368	1924
1369	6944
1370	3998
1372	879
1375	2111
1377	2303
1378	1707
1380	6564
1381	3429
1382	34072
1383	4333
1385	1194
1386	2316
1389	60069
1396	3316
1400	5065
1401	5293
1404	521
1405	709
1408	358
1410	1833
1411	3821
1415	2779
1416	2530
1419	40583
1420	575
1422	2921
1423	423
1425	92
1426	8807
1427	2348
1433	4992
1435	5463
1437	2381
1438	804
1439	1927
1441	4020
1442	5881
1443	8810
1444	3451
1446	1772
1447	7149
1448	1483
1452	1615
1457	5541
1458	176
1460	952
1462	678
1463	5693
1466	3461
1469	3633
1471	1845
1472	6773
1476	61
1477	3089
1478	942
1479	2677
1483	177
1484	609
1486	4378
1487	1395
1488	181
1490	5014
1491	2389
1494	3861
1495	4238
1499	1461
1501	3265
1502	46723
1504	2072
1505	2764
1506	159
1507	3513
1508	4857
1509	53996
1516	3993
1518	1064
1520	6331
1521	1189
1523	3477
1524	328
1526	3668
1527	188
1529	1289
1534	229
1537	3249
1538	986
1539	6879
1540	1010
1542	1611
1544	991
1546	2153
1547	42
1548	6709
1550	4054
1551	3505
1552	5449
1553	3152
1554	1251
1555	921
1559	57
1561	34319
1563	1633
1564	2136
1566	46530
1568	36517
1569	7454
1570	2416
1571	2059
1575	4903
1577	31685
1579	6440
1583	3053
1585	82
1586	52973
1587	37729
1588	3196
1590	37741
1591	5291
1598	3062
1600	7318
1601	1594
1602	2367
1604	5878
1605	6867
1606	3512
1610	3952
1611	971
1613	2110
1614	1218
1615	6659
1616	6003
1618	5944
1619	861
1620	37733
1621	2995
1622	1735
1623	5971
1629	2447
1630	43
1631	3978
1632	73
1633	1264
1634	54503
1636	2112
1639	2022
1645	3016
1646	1334
1650	8981
1651	2138
1655	3274
1659	5308
1662	7323
1663	3462
1665	4823
1668	2132
1671	3545
1672	1457
1674	2827
1675	1665
1676	7325
1677	4214
1679	4280
1680	7004
1682	3508
1684	2747
1686	3524
1687	6296
1689	3261
1691	1769
1692	6957
1693	3980
1694	3999
1696	239
1698	782
1702	3983
1704	299
1705	662
1706	4545
1709	38061
1712	714
1718	39292
1721	31696
1722	482
1723	1895
1725	5152
1726	8873
1731	3507
1732	85
1733	3259
1738	3844
1740	4103
1741	26
1742	1422
1743	818
1746	2117
1747	2919
1749	4121
1750	599
1752	2379
1753	3359
1755	1916
1757	694
1759	154
1761	2718
1762	1173
1763	900
1764	4
1765	1888
1768	7022
1770	47610
1771	3591
1772	1944
1775	6287
1777	2334
1778	1178
1781	6754
1782	1132
1789	2513
1790	5103
1795	4467
1796	31878
1798	49530
1800	3088
1802	548
1803	2690
1804	2819
1805	3146
1806	1359
1807	4029
1808	4388
1809	1281
1811	3260
1814	15
1815	169
1816	2143
1817	1021
1818	1688
1823	3258
1824	1280
1825	7160
1828	28
1829	1701
1830	44665
1831	2468
1833	322
1834	7162
1842	1131
1845	3156
1848	1126
1850	2648
1851	2376
1857	950
1858	2412
1859	4621
1861	492
1863	688
1864	2794
1866	4980
1867	1694
1870	1015
1872	2146
1874	2926
1875	6385
1877	3551
1878	448
1880	8983
1881	489
1882	1342
1884	1950
1885	450
1886	1379
1887	7451
1892	2474
1893	3271
1899	2404
1900	1348
1901	1017
1902	1209
1904	3730
1905	3981
1907	1518
1909	4232
1924	4069
1925	2950
1932	1268
1933	8958
1935	4033
1939	6787
1943	2643
1944	54272
1945	1515
1946	4327
1948	7445
1949	965
1950	674
1951	502
1952	464
1953	2454
1954	5617
1956	3910
1959	44199
1962	2702
1965	490
1971	2118
1976	38038
1978	89
1979	3654
1980	1237
1984	41997
1989	507
1991	3825
1994	1211
1997	3686
1999	999
2002	289
2004	2942
2005	4326
2006	2565
2007	6936
2012	415
2013	59315
2015	3968
2021	3639
2024	1057
2025	3095
2026	1974
2027	4351
2029	1303
2033	4623
2035	5049
2038	50872
2039	1012
2040	81
2044	1078
2049	195
2052	46
2053	5954
2058	2912
2059	51255
2060	2713
2063	1920
2068	76
2069	267
2070	605
2072	3593
2075	3468
2077	1459
2084	951
2085	4639
2086	1381
2087	1464
2090	2463
2091	2297
2094	3735
2095	5992
2096	234
2099	1295
2100	3763
2101	542
2102	1171
2104	6503
2106	2990
2110	8917
2114	1429
2116	1588
2121	426
2125	4008
2127	3173
2128	405
2132	2808
2133	5219
2137	911
2139	1033
2140	4881
2141	1096
2143	1260
2148	1488
2151	1301
2153	550
2156	3744
2161	934
2164	30810
2165	3159
2166	1227
2167	663
2169	3452
2171	940
2173	1300
2177	8957
2181	427
2183	1754
2188	1672
2190	2976
2192	74
2194	4084
2196	516
2197	1354
2199	517
2201	147
2206	6541
2210	3070
2211	537
2212	305
2215	2792
2220	125
2224	493
2225	3543
2226	101
2227	2917
2232	3479
2236	233
2237	2973
2239	2989
2241	4499
2244	5810
2247	4865
2249	39183
2250	262
2253	3882
2258	4489
2259	2375
2262	12
2270	373
2272	2065
2273	2009
2274	2735
2275	728
2276	5444
2286	905
2289	351
2290	5903
2294	839
2296	2413
2298	6534
2302	1719
2307	3198
2315	1031
2320	761
2335	2318
2346	446
2348	8984
2351	1616
2352	5254
2353	4343
2357	5528
2360	2857
2363	3534
2364	2311
2365	1013
2368	8529
2374	1810
2377	2141
2380	3037
2386	4023
2387	69
2388	3044
2390	1687
2392	6157
2396	2139
2397	2598
2403	3435
2408	8528
2411	1892
2412	122
2413	2082
2414	6323
2416	3869
2418	3986
2421	955
2423	533
2428	1243
2429	2053
2437	6708
2439	2004
2440	1792
2442	3186
2451	45499
2455	257
2458	3638
2459	2863
2463	20
2466	3699
2467	34405
2468	5225
2470	1081
2478	1619
2479	2433
2482	56367
2484	33004
2487	94
2493	1135
2494	2805
2495	1388
2496	4015
2498	6565
2499	2803
2503	6281
2504	281
2506	1620
2518	9
2522	30812
2523	1277
2524	5064
2527	7373
2528	3157
2530	926
2532	4105
2533	2411
2537	23
2540	3298
2547	928
2554	3264
2555	3476
2557	40819
2561	33679
2569	3360
2571	1693
2573	3504
2574	1956
2577	2728
2578	2402
2580	3409
2582	2841
2584	6953
2585	1566
2588	175
2590	2991
2591	3740
2592	3683
2594	1835
2598	6188
2602	41569
2605	5872
2612	65
2617	314
2620	419
2625	2664
2626	374
2627	1217
2631	933
2632	2687
2634	48774
2635	519
2640	100
2642	765
2647	2719
2648	54286
2655	915
2658	2642
2665	215
2674	1955
2676	2410
2679	909
2680	88
2681	3438
2682	1894
2687	1416
2688	2662
2689	2403
2691	2126
2693	3285
2702	7458
2703	2986
2705	930
2706	5630
2709	4016
2713	218
2715	3827
2719	2133
2722	837
2728	2467
2730	3969
2731	2340
2732	86
2733	2010
2736	1614
2737	1091
2745	371
2746	2471
2749	5673
2754	1834
2757	737
2758	34048
2759	3098
2760	1885
2761	1678
2762	1224
2768	5945
2776	1959
2781	412
2788	2384
2792	1124
2797	51662
2802	2245
2803	3113
2804	4855
2805	1283
2808	48780
2821	2046
2823	836
2824	164
2831	41566
2836	2409
2837	2116
2842	3087
2843	8376
2846	1711
2849	1350
2851	1556
2856	4299
2858	4901
2862	2333
2863	477
2865	3988
2867	48385
2868	3526
2871	4701
2872	1025
2884	2528
2887	338
2888	144
2889	34162
2891	1254
2896	18
2902	3697
2907	4128
2908	2600
2912	3745
2917	227
2926	3704
2938	707
2940	1125
2955	954
2958	1100
2963	2125
2964	3263
2974	1589
2977	514
2980	48394
2981	41
2986	3275
2988	1086
2990	2428
2992	1958
2994	308
2997	2788
2999	2335
3000	2378
3006	379
3007	2137
3008	3450
3012	1499
3018	3100
3019	2232
3026	4641
3028	3809
3029	30793
3032	2423
3033	916
3034	481
3036	4019
3040	383
3041	1801
3043	8970
3048	534
3053	1256
3066	2134
3067	361
3083	2013
3085	1257
3088	546
3092	3104
3096	3060
3098	3608
3108	3273
3109	1245
3123	2431
3128	1185
3137	249
3141	1883
3143	2686
3145	3424
3146	4874
3147	2067
3153	4734
3158	2421
3162	1103
3167	3257
3181	35836
3189	3798
3195	880
3200	2795
3201	3556
3202	140
3204	280
3206	1982
3209	2616
3219	538
3224	382
3227	994
3234	203
3239	1253
3245	5388
3255	922
3265	1212
3268	2951
3270	4239
3278	3020
3280	1438
3287	5013
3292	748
3293	1441
3294	1385
3298	4369
3299	4638
3302	2369
3303	1635
3305	1411
3316	4446
3327	1095
3332	6947
3336	207
3341	1449
3343	2394
3344	60
3352	1409
3354	3301
3356	7254
3358	2371
3360	3005
3364	1104
3394	107
3397	1590
3398	637
3403	45722
3410	2300
3412	5266
3413	491
3415	2405
3419	2231
3424	1020
3428	276
3429	3698
3432	2478
3438	1911
3439	1476
3445	1019
3452	40815
3459	2313
3460	1952
3461	1041
3473	2872
3474	1965
3478	3362
3479	4148
3481	4816
3485	79
3491	1586
3496	799
3503	1587
3507	135
3511	7090
3534	898
3535	1957
3546	8949
3549	741
3560	1175
3562	2366
3563	4367
3565	1717
3571	6942
3576	46578
3578	1680
3591	2109
3595	4002
3599	162
3604	1378
3613	3247
3616	3300
3620	671
3621	562
3625	2087
3629	6218
3640	3396
3641	3555
3643	3148
3644	8798
3652	2243
3656	3252
3663	2948
3664	194
3668	2018
3670	3868
3675	14
3683	532
3702	3617
3710	30707
3713	830
3714	4321
3717	1269
3721	1882
3727	2722
3728	3967
3736	3826
3742	1907
3750	2707
3753	4776
3760	8464
3763	2581
3768	2085
3783	1644
3788	866
3790	1347
3795	2160
3798	2826
3799	222
3807	1186
3809	1321
3812	6870
3814	4270
3820	2145
3823	2501
3831	1831
3835	3386
3836	3363
3837	8644
3841	2944
3843	232
3845	1077
3847	6373
3854	2352
3858	5481
3869	4718
3877	3624
3914	49272
3923	2881
3933	1032
3940	3535
3947	1223
3952	319
3956	6537
3964	8874
3972	531
3979	303
3997	1037
4000	3752
4002	4975
4010	1373
4013	3361
4016	362
4035	6807
4041	8784
4052	1093
4055	306
4059	3510
4060	1235
4062	237
4064	524
4066	1805
4074	616
4077	193
4080	3107
4094	5464
4112	2908
4118	4310
4123	1299
4125	3000
4129	4361
4130	1179
4134	3210
4139	1027
4141	170
4145	48516
4147	3863
4149	8622
4157	2108
4158	2140
4162	441
4176	6863
4182	2761
4183	1367
4186	3489
4202	968
4212	5995
4221	3174
4223	3072
4227	4018
4236	4643
4238	1244
4247	2288
4249	5991
4252	1967
4258	2393
4267	849
4270	1479
4275	3785
4279	4571
4283	2605
4292	4447
4293	2064
4302	2724
4303	2020
4311	3108
4326	273
4332	4848
4337	1663
4345	2641
4348	2427
4356	720
4357	3082
4360	719
4363	455
4368	2541
4370	6016
4372	2915
4378	2723
4380	2746
4391	1962
4394	2871
4403	1918
4405	44191
4410	6378
4423	1345
4424	29
4428	1272
4429	1188
4432	2078
4437	3703
4447	2144
4449	3702
4453	230
4462	4025
4471	5902
4476	838
4488	1921
4489	216
4495	468
4499	1231
4502	1513
4504	3552
4506	2076
4511	1947
4529	800
4542	6502
4544	610
4557	724
4561	4262
4564	5377
4576	1912
4578	180
4590	247
4634	5459
4638	2490
4639	5679
4641	1061
4644	1405
4647	3499
4649	1042
4652	24
4655	1994
4656	3006
4659	2694
4661	1029
4689	1022
4698	1172
4699	2002
4703	1271
4707	2539
4710	1953
4712	2289
4715	1357
4723	2968
4725	4720
4751	3256
4756	1562
4760	2150
4761	1287
4767	2058
4783	3039
4784	2580
4797	2248
4805	2021
4810	647
4834	902
4835	5618
4839	5010
4860	1129
4861	3717
4876	2273
4930	2193
4956	277
4988	272
5023	1228
5026	204
5060	1047
5071	31
5076	348
5091	914
5114	673
5120	3755
5123	2294
5124	1249
5139	2336
5140	1293
5147	1343
5155	1120
5156	1371
5164	2080
5185	4014
5193	33493
5195	3911
5197	5218
5225	2278
5229	8665
5230	475
5238	7147
5243	2161
5244	2005
5248	2572
5249	899
5251	2105
5259	5299
5262	3255
5274	1339
5290	6934
5298	3671
5304	8368
5310	224
5311	1569
5352	4085
5365	1203
5366	355
5376	2023
5381	4370
5440	1059
5457	3101
5512	762
5516	585
5551	2770
5597	1262
5604	198
5626	661
5651	1084
5652	45
5669	1466
5676	105
5686	1060
5751	2019
5769	1597
5778	3949
5803	783
5816	910
5818	4308
5851	32587
5852	969
5873	2407
5885	1747
5887	52
5909	2701
5923	1690
5928	1088
5937	261
5946	2947
5952	44
5955	1333
5974	2424
5979	1375
5997	785
5998	3421
6000	4979
6002	333
6024	2003
6027	1285
6044	1748
6046	1729
6049	1276
6064	3033
6109	1092
6120	4246
6127	1275
6140	2167
6169	1645
6212	252
6215	345
6222	22
6247	3160
6310	3448
6332	745
6342	1876
6402	1372
6438	246
6439	852
6488	5816
6497	1909
6499	515
6505	529
6509	1722
6550	1674
6562	145
6579	628
6583	8360
6629	2890
6637	913
6647	1282
6662	33794
6690	2763
6697	2100
6706	471
6718	2470
6762	2671
6768	1215
6771	805
6773	1204
6857	315
6876	186
6882	1242
6892	376
6947	342
6951	58
6977	282
6984	8636
6992	3418
7021	1250
7045	158
7065	2804
7073	1408
7089	1377
7096	6711
7100	596
7101	1997
7107	1201
7109	3994
7119	70
7132	3753
7135	5
7139	3081
7168	2529
7210	543
7225	4878
7231	2006
7232	168
7281	2001
7296	2542
7312	6333
7313	48
7334	552
7345	1777
7355	1673
7357	1199
7360	236
7373	1376
7408	1320
7424	1396
7433	265
7456	4011
7462	802
7473	172
7483	2657
7485	953
7491	903
7507	1233
7527	1094
7548	2395
7555	7438
7573	5989
7587	112
7605	5060
7613	494
7624	485
7637	3176
7646	6365
7655	2321
7713	3175
7714	1028
7726	3471
7733	1358
7765	2985
7787	1035
7790	3
7796	196
7799	1266
7802	2081
7812	1207
7834	4896
7852	2302
7891	2699
7898	1625
7905	1608
7911	1954
7912	1552
7932	1148
7934	5378
7938	225
7957	151
8010	432
8012	3948
8020	1639
8040	8961
8062	520
8064	7
8084	466
8130	2406
8138	2712
8161	163
8164	5418
8179	2599
8190	1544
8210	370
8211	1252
8220	920
8274	784
8297	1278
8324	435
8380	1500
8393	7361
8402	908
8405	1230
8425	3052
8474	2268
8491	1676
8550	832
8551	653
8555	3481
8569	2194
8586	3977
8626	555
8680	1370
8689	1380
8721	1090
8786	1288
8794	173
8825	904
8839	1394
8842	2324
8848	6874
8851	497
8871	3623
8880	1304
8915	3751
8936	2692
8943	2640
8948	2617
9019	1641
9036	420
9150	1247
9152	1183
9159	4022
9167	4034
9195	553
9206	160
9220	1407
9222	1485
9230	2054
9240	1374
9437	1653
9445	4027
9573	2329
9575	4995
9604	708
9605	923
9621	16
9627	1732
9635	3897
9649	2700
9681	4973
9738	235
9759	1127
9771	1391
9774	353
9808	2000
9821	786
9822	3147
9827	317
9863	6377
9879	350
9915	2502
10012	2791
10022	266
10050	2011
10156	104
10339	594
10349	337
10384	1219
10436	1573
10513	2012
10521	4963
10577	4886
10585	509
10593	2710
10604	1246
10623	2291
10644	6539
10745	5349
10758	1080
10788	2797
10849	2174
10861	442
10898	1222
10901	788
10928	551
10932	1968
10992	1220
11007	2355
11020	2115
11038	5445
11046	1917
11118	1225
11224	410
11239	11
11246	508
11253	1079
11331	1101
11375	1356
11423	1258
11479	2916
11510	1259
11523	474
11533	3114
11573	19
11597	1682
11688	1208
11774	750
11791	778
11806	2918
11925	1206
11940	1784
11954	62
12009	1517
12012	1610
12017	440
12032	2
12069	2706
12074	1387
12157	2987
12301	1307
12366	7153
12464	17
12507	912
12689	36
12726	300
12784	1961
12796	1393
12851	919
12865	111
12891	4226
13042	293
13057	223
13061	924
13112	3996
13147	3793
13188	1213
13190	25
13281	1221
13335	2683
13389	1923
13426	141
13428	1089
13448	95
13696	6
13865	1527
13871	2997
14012	288
14121	2396
14167	1200
14219	339
14389	5952
14435	1193
14533	4306
14551	161
14802	21
14975	185
15018	1617
15241	434
15356	586
15453	2716
15457	3578
15471	541
15504	39
15622	454
15638	1073
15744	2628
15790	1036
15843	1214
15938	4993
16023	208
16056	253
16075	292
16145	1291
16167	329
16242	1136
16334	2959
16415	1721
16520	1197
16523	357
16743	1265
16918	10
16925	539
17194	587
17519	1240
17611	1097
17851	231
17964	733
18327	349
18523	1580
18801	736
18900	34
18924	2028
18925	316
19036	367
19214	500
19229	597
19326	153
19400	2762
19603	165
19814	858
19878	595
20972	364
21014	344
21085	648
21247	1270
21803	1198
22120	2858
22521	47
23091	1196
23229	2571
23531	588
23748	377
23794	608
24037	50
24397	32
25098	1210
25381	380
25777	527
25912	590
26042	780
26449	1
26996	592
27035	150
28566	260
28948	589
28951	457
29154	110
31126	318
32631	480
33668	593
34457	356
34864	296
