1	26449
10	16918
100	2640
1000	128
1001	23
1002	103
1003	1027
1004	977
1005	1128
1006	991
1007	1103
1008	491
1009	1598
101	2226
1010	1540
1011	973
1012	2039
1013	2365
1014	1000
1015	1870
1016	923
1017	1901
1018	767
1019	3445
102	1263
1020	3424
1021	1817
1022	4689
1023	1933
1024	672
1025	2872
1026	81
1027	4139
1028	7714
1029	4661
103	722
1030	1954
1031	2315
1032	3933
1033	2139
1034	926
1035	7787
1036	15790
1037	3997
1038	150
1039	37
104	10156
1040	100
1041	3461
1042	4649
1043	780
1044	333
1045	34
1046	730
1047	5060
1049	3028
105	5676
1050	1108
1051	854
1052	29
1053	129
1054	500
1055	226
1056	439
1057	2024
1058	95
1059	5440
106	77
1060	5686
1061	4641
1062	41
1063	104
1064	1518
1065	13
1066	815
1067	88
1068	171
1069	443
107	3394
1070	40
1071	37
1073	15638
1075	87
1076	197
1077	3845
1078	2044
1079	11253
108	85
1080	10758
1081	2470
1082	1195
1083	958
1084	5651
1085	801
1086	2988
1087	192
1088	5928
1089	13428
109	7
1090	8721
1091	2737
1092	6109
1093	4052
1094	7527
1095	3327
1096	2141
1097	17611
1098	92
1099	1257
11	11239
110	29154
1100	2958
1101	11331
1102	53
1103	3162
1104	3364
1105	570
1106	28
1107	53
1109	6
111	12865
1110	19
1111	1002
1112	256
1113	656
1114	300
1115	24
1116	104
1117	140
1118	21
1119	125
112	7587
1120	5155
1121	67
1122	11
1123	121
1124	2792
1125	2940
1126	1848
1127	9759
1128	970
1129	4860
113	737
1130	1202
1131	1842
1132	1782
1133	69
1134	35
1135	2493
1136	16242
1137	41
1138	40
1139	16
114	176
1140	22
1142	38
1143	35
1144	109
1145	38
1146	26
1147	2151
1148	7932
1149	41
115	22
1150	1053
1151	224
1152	106
1153	89
1154	75
1155	7
1156	19
1157	14
1158	9
1159	13
116	588
1160	24
1161	883
1162	453
1163	153
1164	82
1165	26
1166	26
1167	540
1168	112
1169	201
117	833
1170	102
1171	2102
1172	4698
1173	1762
1174	62
1175	3560
1176	965
1177	1167
1178	1778
1179	4130
118	758
1180	326
1181	55
1183	9152
1184	641
1185	3128
1186	3807
1187	755
1188	4429
1189	1521
119	170
1190	958
1191	1033
1192	644
1193	14435
1194	1385
1196	23091
1197	16520
1198	21803
1199	7357
12	2262
120	84
1200	14167
1201	7107
1202	756
1203	5365
1204	6773
1206	11925
1207	7812
1208	11688
1209	1902
121	566
1210	25098
1211	1994
1212	3265
1213	13188
1214	15843
1215	6768
1216	968
1217	2627
1218	1614
1219	10384
122	2412
1220	10992
1221	13281
1222	10898
1223	3947
1224	2762
1225	11118
1226	1303
1227	2166
1228	5023
123	1228
1230	8405
1231	4499
1232	587
1233	7507
1234	8179
1235	4060
1236	556
1237	1980
1238	1907
124	207
1240	17519
1241	1284
1242	6882
1243	2428
1244	4238
1245	3109
1246	10604
1247	9150
1248	2665
1249	5124
125	2220
1250	7021
1251	1554
1252	8211
1253	3239
1254	2891
1255	1050
1256	3053
1257	3085
1258	11423
1259	11510
126	812
1260	2143
1261	3952
1262	5597
1263	5457
1264	1633
1265	16743
1266	7799
1267	5120
1268	1932
1269	3717
127	28
1270	21247
1271	4703
1272	4428
1273	1419
1274	4055
1275	6127
1276	6049
1277	2523
1278	8297
1279	1314
128	57
1280	1824
1281	1809
1282	6647
1283	2805
1284	2980
1285	6027
1286	1309
1287	4761
1288	8786
1289	1529
129	123
1290	1486
1291	16145
1292	3535
1293	5140
1295	2099
1296	3668
1297	2627
1298	3245
1299	4123
13	760
130	20
1300	2173
1301	2151
1302	6773
1303	2029
1304	8880
1305	1252
1306	683
1307	12301
1308	16
1309	17
131	142
1310	225
1311	94
1312	215
1313	73
1314	26
1315	39
1316	32
1317	197
1318	113
1319	12
132	1338
1320	7408
1321	3809
1322	186
1323	256
1324	154
1325	188
1326	350
1327	1680
1328	178
1329	212
133	16
1330	551
1331	244
1332	476
1333	5955
1334	1646
1335	138
1336	298
1337	415
1339	5274
134	22
1340	1283
1341	227
1342	1882
1343	5147
1344	2573
1345	4423
1346	1075
1347	3790
1348	1900
1349	80
135	3507
1350	2849
1351	241
1352	489
1353	1363
1354	2197
1355	481
1356	11375
1357	4715
1358	7733
1359	1806
136	68
1360	31
1361	873
1363	1077
1364	53
1365	713
1366	1148
1367	4183
1368	29
1369	53
137	147
1370	8680
1371	5156
1372	6402
1373	4010
1374	9240
1375	5979
1376	7373
1377	7089
1378	3604
1379	1886
138	93
1380	8689
1381	2086
1382	606
1383	88
1384	84
1385	3294
1386	17
1387	12074
1388	2495
1389	1159
139	31
1390	1024
1391	9771
1392	1110
1393	12796
1394	8839
1395	1487
1396	7424
1397	399
1398	525
1399	888
14	3675
140	3202
1400	19
1401	925
1404	438
1405	4644
1406	227
1407	9220
1408	7073
1409	3352
141	13426
1410	481
1411	3305
1412	182
1413	246
1414	1071
1415	160
1416	2687
1417	484
1419	761
142	28
1420	51
1421	123
1422	1742
1423	100
1424	10
1425	1324
1426	152
1427	470
1428	204
1429	2114
143	11
1430	108
1431	1620
1432	801
1433	42
1434	41
1436	46
1437	189
1438	3280
1439	214
144	2888
1440	431
1441	3293
1442	454
1443	14
1444	82
1445	845
1446	1383
1447	364
1448	32
1449	3341
145	6562
1450	187
1453	961
1454	475
1455	116
1456	302
1457	1672
1458	149
1459	2077
146	351
1460	502
1461	1499
1462	12
1463	220
1464	2087
1465	639
1466	5669
1467	19
1468	696
147	2201
1470	36
1471	56
1472	266
1473	148
1474	1058
1475	511
1476	3439
1477	215
1479	4270
148	237
1480	1249
1482	343
1483	1448
1484	673
1485	9222
1486	59
1487	902
1488	2148
1489	242
149	701
1490	212
1493	136
1495	440
1496	196
1497	422
1498	767
1499	3012
15	1814
150	27035
1500	8380
1501	133
1502	162
1503	741
1504	81
1507	233
1508	129
1509	98
151	7957
1510	18
1511	101
1513	4502
1514	79
1515	1945
1516	298
1517	12009
1518	1907
1519	80
152	406
1520	92
1522	22
1523	219
1524	13
1525	211
1526	491
1527	13865
1528	17
1529	117
153	19326
1531	51
1532	38
1533	185
1534	46
1535	473
1537	2199
1538	75
1539	165
154	1759
1541	1320
1542	1337
1543	54
1544	8190
1545	386
1546	213
1547	160
1548	22
1549	96
155	860
1550	423
1551	206
1552	7912
1553	22
1554	812
1555	41
1556	2851
1557	10
1558	23
1559	2
156	1040
1561	29
1562	4756
1563	140
1564	172
1565	155
1566	2585
1567	47
1568	4
1569	5311
157	1575
1570	191
1571	282
1572	282
1573	10436
1574	68
1575	101
1577	16
1578	10
1579	18
158	7045
1580	18523
1581	387
1582	308
1583	159
1584	11239
1585	127
1586	3491
1587	3503
1588	2116
1589	2974
159	1506
1590	3397
1591	2803
1592	696
1593	967
1594	1601
1595	544
1596	317
1597	5769
1598	555
1599	298
16	9621
160	9206
1600	424
1601	400
1602	260
1603	1807
1604	466
1605	550
1606	528
1608	7905
1609	379
161	14551
1610	12012
1611	1542
1612	282
1613	165
1614	2736
1615	1452
1616	2351
1617	15018
1619	2478
162	3599
1620	2506
1621	431
1622	40
1623	612
1624	307
1625	7898
1626	466
1627	1546
1628	26
1629	571
163	8161
1630	14
1631	269
1632	123
1633	1563
1635	3303
1636	60
1639	8020
164	2824
1640	326
1641	9019
1642	448
1643	1655
1644	3783
1645	6169
1646	509
1647	425
1648	955
1649	909
165	19603
1650	273
1651	99
1652	43
1653	9437
1654	401
1655	424
1656	73
1657	108
1658	1110
1659	60
166	392
1660	757
1661	380
1662	139
1663	4337
1664	41
1665	1675
1666	95
1667	649
1668	179
1669	208
167	60
1670	471
1671	156
1672	2188
1673	7355
1674	6550
1675	77
1676	8491
1677	107
1678	2761
1679	116
168	7232
1680	3578
1681	1085
1682	11597
1683	1222
1684	382
1685	56
1686	591
1687	2390
1688	1818
1689	1177
169	1815
1690	5923
1692	63
1693	2571
1694	1867
1695	125
1696	138
1697	13
1698	34
1699	734
17	12464
170	4141
1701	1829
1702	1956
1703	427
1704	13865
1705	9
1706	7
1707	1378
1708	11
1709	12
171	902
1710	10
1711	2846
1713	1303
1714	24
1715	57
1716	19
1717	3565
1718	33
1719	2302
172	7473
1720	36
1721	16415
1722	6509
1723	42
1724	17
1725	94
1726	1028
1727	1197
1728	148
1729	6046
173	8794
1730	1078
1731	426
1732	9627
1733	348
1734	1132
1735	1622
1738	10
1739	336
174	1323
1740	6
1742	14
1743	27
1744	315
1746	240
1747	5885
1748	6044
1749	62
175	2588
1750	216
1752	1045
1753	1234
1754	2183
1755	396
1756	291
1757	184
1759	234
176	1458
1760	1438
1762	868
1764	9
1765	10
1767	121
1768	13
1769	1691
177	1483
1770	132
1771	216
1772	1446
1773	64
1774	7
1776	12
1777	7345
1779	3202
178	322
1780	87
1781	3
1782	23
1783	842
1784	11940
1785	754
1787	13
1788	444
1789	6
179	801
1791	260
1792	2440
1793	77
1794	776
1795	33
1796	25
1797	1174
1798	184
1799	1300
18	2896
180	4578
1801	3041
1804	446
1805	4066
1806	627
1807	95
1809	543
181	1488
1810	2374
1811	52
1812	133
1814	148
1815	3
1816	450
1817	47
1819	11
182	433
1820	40
1821	992
1822	107
1824	299
1825	114
1826	234
1827	631
1829	174
183	402
1830	5
1831	3831
1832	34
1833	1410
1834	2754
1835	2594
1836	954
1837	303
1839	329
184	212
1840	951
1841	467
1842	10
1843	21
1844	333
1845	1471
1846	186
1848	800
1849	28
185	14975
1850	64
1851	9
1852	9
1853	92
1854	246
1855	491
1856	366
1857	139
1858	782
1859	201
186	6876
1860	303
1861	78
1862	1201
1863	620
1864	56
1865	236
1866	1045
1867	151
1869	274
187	579
1870	250
1871	50
1872	53
1873	1504
1874	113
1875	677
1876	6342
1877	33
1878	88
1879	155
188	1527
1880	146
1881	328
1882	3721
1883	3141
1884	3360
1885	2760
1886	46
1887	316
1888	1765
1889	869
189	212
1890	47
1891	62
1892	2411
1893	106
1894	2682
1895	1723
1896	169
1897	642
1898	70
1899	55
19	11573
190	610
1900	369
1901	51
1902	173
1903	35
1904	588
1905	24
1906	155
1907	3742
1908	30
1909	6497
191	1015
1910	200
1911	3438
1912	4576
1913	1063
1914	1705
1915	18
1916	1755
1917	11046
1918	4403
1919	529
192	58
1920	2063
1921	4488
1922	155
1923	13389
1924	1368
1925	188
1926	101
1927	1439
1928	94
1929	414
193	4077
1930	33
1931	1102
1932	162
1933	114
1934	449
1935	530
1936	427
1937	324
1938	603
1939	1010
194	3664
1940	404
1941	503
1942	515
1943	329
1944	1772
1945	2990
1946	740
1947	4511
1948	846
1949	1159
195	2049
1950	1884
1951	1227
1952	3460
1953	4710
1954	7911
1955	2674
1956	2574
1957	3535
1958	2992
1959	2776
196	7796
1960	3831
1961	12784
1962	4391
1963	1304
1964	1381
1965	3474
1966	1021
1967	4252
1968	10932
1969	1153
197	78
1970	1291
1971	991
1972	802
1973	808
1974	2026
1975	941
1976	783
1977	705
1978	628
1979	677
198	5604
1980	583
1981	688
1982	3206
1983	926
1984	586
1985	547
1986	522
1987	357
1988	181
1989	121
199	908
1990	101
1991	1245
1992	683
1993	547
1994	4655
1995	884
1996	645
1997	7101
1998	609
1999	612
2	12032
20	2463
200	227
2000	9808
2001	7281
2002	4699
2003	6024
2004	2439
2005	5244
2006	7231
2007	259
2008	76
2009	2273
201	240
2010	2733
2011	10050
2012	10513
2013	3083
2014	1001
2015	1516
2016	538
2017	626
2018	3668
2019	5751
202	233
2020	4303
2021	4805
2022	1639
2023	5376
2024	506
2025	1245
2026	701
2027	653
2028	18924
2029	304
203	3234
2030	24
2031	168
2032	158
2033	779
2034	1345
2035	204
2036	617
2037	257
2038	764
2039	48
204	5026
2040	489
2041	537
2042	1264
2043	690
2044	191
2045	256
2046	2821
2047	102
2048	785
2049	123
205	874
2050	653
2051	552
2052	1161
2053	2429
2054	9230
2055	142
2056	104
2057	458
2058	4767
2059	1571
206	676
2060	1288
2061	80
2062	276
2063	47
2064	4293
2065	2272
2066	553
2067	3147
2068	949
2069	695
207	3336
2070	1077
2071	850
2072	1504
2073	389
2074	153
2075	361
2076	4506
2077	659
2078	4432
2079	79
208	16023
2080	5164
2081	7802
2082	2413
2083	1806
2084	597
2085	3768
2086	129
2087	3625
2088	2099
2089	1242
209	479
2090	1502
2091	756
2092	929
2093	1216
2094	3763
2095	491
2096	3219
2097	864
2098	291
2099	829
21	14802
210	311
2100	6697
2101	93
2102	799
2103	121
2104	193
2105	5251
2106	958
2107	1234
2108	4157
2109	3591
211	388
2110	1613
2111	1375
2112	1636
2113	323
2114	1800
2115	11020
2116	2837
2117	1746
2118	1971
2119	766
212	266
2120	955
2121	1144
2122	1288
2123	1242
2124	4236
2125	2963
2126	2691
2127	24
2128	148
2129	39
213	1143
2130	1264
2131	229
2132	1668
2133	2719
2134	3066
2135	1175
2136	1564
2137	3007
2138	1651
2139	2396
214	574
2140	4158
2141	2377
2142	1153
2143	1816
2144	4447
2145	3820
2146	1872
2147	806
2148	693
2149	401
215	2665
2150	4760
2151	832
2152	399
2153	1546
2154	660
2155	1170
2156	39
2157	78
2158	128
2159	959
216	4489
2160	3795
2161	5243
2162	1186
2163	1082
2164	116
2165	625
2166	654
2167	6140
2168	326
2169	634
217	617
2170	526
2171	783
2172	61
2173	514
2174	10849
2175	64
2176	1389
2177	363
2178	606
2179	202
218	2713
2180	319
2181	606
2182	450
2183	1244
2184	841
2185	151
2186	2665
2187	142
2188	1351
2189	107
219	400
2190	205
2191	66
2192	31
2193	4930
2194	8569
2195	650
2196	198
2197	90
2198	35
2199	39
22	6222
220	172
2200	33
2201	135
2202	887
2203	1154
2204	414
2205	301
2206	793
2207	75
2208	1156
2209	88
2210	287
2211	133
2212	726
2213	12
2214	32
2215	44
2216	20
2218	23
2219	70
222	3799
2220	15
2221	94
2222	7
2223	19
2224	5
2225	12
2226	43
2227	113
2229	2
223	13057
2230	10
2231	3419
2232	3019
2233	29
2234	41
2235	20
2236	1064
2237	243
2238	371
2239	414
224	5310
2240	994
2241	410
2242	48
2243	3652
2244	62
2245	2802
2246	40
2247	1359
2248	4797
2249	1087
225	7938
2250	253
2251	3
2252	990
2253	2133
2254	5
2255	318
2256	84
2257	79
2258	34
2259	869
226	35
2260	177
2261	667
2262	1419
2263	886
2264	366
2265	384
2266	797
2267	351
2268	8474
2269	1634
227	2917
2270	20
2271	335
2272	544
2273	4876
2274	9
2275	375
2276	238
2277	5
2278	5225
2279	1433
228	290
2280	551
2281	60
2282	1442
2283	305
2284	224
2285	320
2286	160
2287	924
2288	4247
2289	4712
229	1534
2290	601
2291	10623
2292	103
2293	55
2294	5123
2295	318
2296	1080
2297	2091
2298	78
2299	28
23	2537
230	4453
2300	3410
2301	2298
2302	7852
2303	1377
2304	62
2305	116
2306	553
2307	127
2308	24
2309	29
231	17851
2310	607
2311	2364
2312	1722
2313	3459
2314	409
2315	856
2316	1386
2317	44
2318	2335
2319	10
232	3843
2320	993
2321	7655
2322	1327
2323	144
2324	8842
2325	927
2326	31
2327	390
2328	955
2329	9573
233	2236
2330	487
2331	780
2332	92
2333	2862
2334	1777
2335	2999
2336	5139
2337	772
2338	2197
2339	192
234	2096
2340	2731
2341	200
2342	164
2343	10
2344	1049
2345	175
2346	1274
2347	394
2348	1427
2349	898
235	9738
2350	85
2351	588
2352	3854
2353	7891
2354	642
2355	11007
2356	713
2357	1396
2358	66
2359	3807
236	7360
2360	1103
2361	695
2362	234
2363	1343
2364	449
2365	518
2366	3562
2367	1602
2368	261
2369	3302
237	4062
2370	601
2371	3358
2372	1140
2373	1037
2374	1008
2375	2259
2376	1851
2377	664
2378	3000
2379	1752
238	536
2380	1478
2381	1437
2382	1240
2383	1218
2384	2788
2385	607
2386	375
2387	1292
2388	104
2389	1491
239	1696
2390	1621
2391	3843
2392	838
2393	4258
2394	3343
2395	7548
2396	14121
2397	111
2398	2504
2399	854
24	4652
240	550
2400	212
2401	1469
2402	2578
2403	2689
2404	1899
2405	3415
2406	8130
2407	5873
2408	1135
2409	2836
241	356
2410	2676
2411	2533
2412	1858
2413	2296
2414	1613
2415	53
2416	1570
2417	330
2418	421
2419	254
242	718
2420	4212
2421	3158
2422	1951
2423	3032
2424	5974
2425	368
2426	109
2427	4348
2428	2990
2429	830
243	278
2430	586
2431	3123
2432	1060
2433	2479
2434	178
2435	431
2436	845
2437	455
2438	7
2439	986
244	165
2440	228
2441	124
2442	855
2443	771
2444	46
2445	440
2446	363
2447	1629
2448	821
2449	168
245	164
2450	2232
2451	413
2452	59
2453	754
2454	1953
2455	5248
2456	1059
2457	855
2458	519
2459	1587
246	6438
2460	452
2461	244
2462	308
2463	2090
2464	71
2465	138
2466	48
2467	2728
2468	1831
2469	2241
247	4590
2470	6718
2471	2746
2472	308
2473	801
2474	1892
2475	387
2476	1269
2477	193
2478	3432
2479	200
248	1994
2480	32
2481	281
2482	207
2483	160
2484	8
2485	2958
2486	38
2487	60
2488	494
2489	13
249	3137
2490	4638
2491	528
2492	520
2493	160
2494	114
2495	448
2496	2148
2497	1065
2498	521
2499	253
25	13190
250	519
2500	593
2501	3823
2502	9915
2503	73
2504	915
2505	2143
2506	844
2507	274
2508	6
2509	102
251	253
2510	40
2511	512
2512	89
2513	1789
2514	582
2515	270
2516	247
2517	1259
2518	1324
2519	464
252	6212
2520	931
2521	402
2522	360
2523	157
2524	1211
2525	469
2526	387
2527	2522
2528	2884
2529	7168
253	16056
2530	1416
2531	1177
2532	1187
2533	1848
2534	64
2535	457
2536	198
2537	176
2538	27
2539	4707
254	418
2540	669
2541	4368
2542	7296
2543	36
2544	84
2545	80
2546	639
2547	5
2548	483
2549	950
255	678
2550	918
2551	1038
2552	173
2553	885
2554	476
2555	752
2556	28
2557	83
2558	1217
2559	205
256	5238
2560	893
2561	679
2562	151
2563	543
2564	14
2565	2006
2566	162
2567	2212
2568	941
2569	31
257	2455
2570	478
2571	23229
2572	5248
2573	204
25736	2
2574	957
25744	10
25746	34
2575	885
25750	131
25752	44
25753	76
25755	66
25757	43
25759	6
2576	22
25762	20
25763	72
25764	58
25766	30
25769	97
2577	142
25771	64
25773	91
25774	47
25777	170
2578	54
25782	2
25783	4
25788	283
2579	522
25793	22
25795	53
25797	4
25798	3
258	1046
2580	4784
25802	23
25805	81
25807	6
2581	3763
2582	332
25825	63
25826	64
25827	180
25828	108
2583	1231
25833	49
25835	42
25839	45
2584	11
25840	9
25841	67
2585	326
25850	162
25855	76
25856	120
2586	115
25865	75
25866	59
25868	63
2587	521
25870	55
25878	5
2588	7
25886	68
25888	14
2589	222
25891	101
25893	46
25898	46
25899	22
259	1266
2590	378
25900	17
25901	41
25903	8
25904	44
25905	11
25906	20
25908	18
2591	19
25914	4
25916	41
2592	21
25923	174
25924	16
25927	113
25929	40
2593	312
25930	22
25931	13
25934	9
25937	84
25938	84
2594	1160
25940	157
25941	9
25943	31
25945	31
25946	32
25947	53
2595	10
25951	14
25952	60
25954	71
2596	800
25960	7
25961	44
25962	51
25963	69
2597	278
25971	94
25977	14
2598	2397
2599	8179
25993	34
25995	58
25996	67
25999	98
26	1741
260	28566
2600	2908
26002	39
26005	40
26007	79
2601	7
26012	40
2602	35
2603	26
26038	28
2604	18
26048	3
2605	4283
26052	79
26055	59
2606	1062
26064	84
2607	345
26073	3
26078	68
26079	5
2608	26
26082	124
26084	325
26085	175
2609	292
26094	86
26096	17
261	5937
2610	266
26101	90
26106	5
26107	3
2611	777
26110	2
26111	144
26112	13
26113	5
26116	94
26117	33
26119	39
2612	607
26122	67
26123	33
26124	36
26128	19
2613	891
26131	491
26133	200
26134	40
26136	4
26138	28
26139	37
2614	176
26142	2
26144	22
26147	15
26148	69
2615	653
26150	188
26151	96
26152	352
26155	33
26158	27
26159	6
2616	3209
26163	86
2617	8948
26170	30
26171	94
26172	135
26174	23
26176	3
26178	47
2618	665
26181	54
26185	2
26187	27
26189	13
2619	10
26198	69
26199	42
262	2250
2620	158
26203	103
26208	9
2621	269
26211	11
2622	2114
26222	32
26225	9
26226	21
26228	4
2623	26
26230	39
26231	56
2624	430
26240	59
26241	30
26242	466
26246	52
26249	76
2625	387
26251	12
26258	97
2626	150
26265	5
26269	31
2627	75
26270	18
26271	45
26277	13
2628	15744
26280	32
26283	69
26285	161
26289	23
2629	594
26294	119
263	261
2630	246
26301	21
26302	57
26303	64
26306	41
2631	25
26313	59
26318	40
2632	63
26323	13
26326	10
2633	985
26336	10
26339	4
2634	373
26345	9
26347	3
26349	91
2635	113
26350	141
26359	86
2636	48
26360	6
26364	13
26366	29
2637	94
26371	38
26375	291
26379	7
2638	101
26386	196
26388	29
2639	744
26391	60
26393	27
26394	57
26398	132
264	106
2640	8943
26404	8
2641	4345
26413	33
26414	31
2642	2658
26422	179
26425	171
2643	1943
26431	7
2644	1144
2646	121
26462	143
26464	74
26465	30
2647	166
26472	73
26476	119
26479	62
2648	1850
26483	2
26485	154
26487	54
26488	72
2649	223
26491	72
26492	162
26494	5
26495	65
26497	23
26498	2
265	7433
2650	99
26504	71
26509	47
2651	241
26513	128
2652	144
26521	39
26524	25
26527	64
2653	129
2654	499
26544	14
26547	109
2655	170
26550	14
26554	108
26555	393
26558	34
2656	216
26561	50
26562	61
26564	50
26566	6
26567	36
2657	7483
26577	26
26578	64
2658	23
26585	106
2659	164
26599	72
266	10022
2660	539
26603	93
26606	139
2661	315
26612	2
26614	269
26616	26
2662	2688
26629	121
2663	145
2664	2625
26649	13
2665	214
2666	65
26662	744
26663	71
2667	131
26676	10
26677	3
2668	899
26680	379
26681	27
26682	10
26686	130
26688	94
2669	305
26693	43
26694	98
26695	50
26696	52
26698	25
26699	5
267	2069
2670	794
26700	84
26704	118
2671	6762
26713	93
2672	2183
26726	66
26729	322
2673	48
26734	31
2674	107
26743	2
26744	34
26745	90
26746	46
2675	60
26750	114
26758	47
2676	1222
2677	1479
26770	51
26776	572
26778	20
2678	128
26782	84
26788	53
2679	33
26791	40
26792	37
26796	29
268	491
2680	15
26803	23
2681	292
26810	54
26811	12
26812	11
26819	133
2682	510
26828	46
2683	13335
26834	25
26838	110
2684	17
26840	184
26841	37
26842	11
2685	38
2686	3143
26861	2
26865	256
26868	3
2687	2632
26870	210
26875	30
2688	3336
2689	162
26898	8
269	392
2690	1803
26901	7
26903	50
2691	290
26915	37
2692	8936
2693	1125
26934	7
26939	127
2694	4659
2695	50
26950	2
2696	610
26965	84
2697	253
26974	91
26976	15
2698	12
26982	11
26985	31
26989	4
2699	7891
26996	11
27	969
270	830
2700	9649
27005	67
2701	5909
2702	1962
27020	182
27022	56
2703	17
2704	258
2705	63
2706	12069
2707	3750
2708	342
2709	1086
27095	4
271	848
2710	10593
27109	11
2711	200
27114	7
2712	8138
2713	2060
2714	363
2715	83
2716	15453
2717	4112
2718	1761
27186	35
2719	2647
27193	162
272	4988
2720	2006
2721	384
2722	3727
2723	4378
2724	4302
2725	453
27255	19
2726	1050
27266	472
2727	195
27271	59
2728	2577
2729	1505
273	4326
2730	1140
2731	1330
27316	30
27317	479
2732	898
2733	189
27338	12
2734	1682
27340	40
2735	2274
2736	920
27362	17
27368	45
2737	80
27370	25
27376	11
2738	341
2739	2980
27391	99
27397	169
274	732
2740	44
27402	11
27408	110
2741	212
27410	208
27416	229
2742	23
2743	61
27432	46
27434	126
27436	6
2744	169
2745	1357
27450	10
27456	55
2746	4380
2747	1684
2748	570
2749	353
27491	50
275	990
2750	1311
27509	25
2751	203
27513	12
2752	607
27523	86
27528	23
2753	218
27537	6
2754	45
27544	12
2755	107
27555	57
2756	145
27563	120
27564	36
2757	472
27573	4
2758	134
27584	48
27587	11
2759	1759
27592	366
276	3428
2760	37
27604	137
27608	88
2761	4182
27611	168
27618	93
2762	19400
27620	4
27627	19
2763	6690
27636	25
2764	1505
27644	11
27648	74
2765	127
2766	175
27660	1002
27664	64
2767	171
27674	177
2768	48
27685	88
27689	71
2769	409
27695	4
277	4956
2770	5551
27700	225
27706	1495
2771	958
27716	18
2772	1104
27721	946
27722	134
27727	220
27728	491
2773	54
27731	279
27734	17
27735	22
27736	7
2774	389
27741	302
27744	33
27746	12
2775	92
2776	82
27765	11
27768	67
2777	45
27772	327
27773	1709
27776	28
27778	42
2778	103
27783	14
27788	479
2779	1415
27790	481
27792	84
27797	32
278	779
2780	259
27801	578
27803	540
27808	1021
2781	199
27812	38
27815	376
27816	134
2782	390
27820	132
27821	875
27822	426
27826	44
27828	46
2783	63
27830	37
27831	978
27833	67
27834	179
27837	342
27838	357
27839	478
2784	277
27841	12
27843	27
27846	735
2785	64
27850	170
27851	52
27857	6
2786	234
27864	39
27865	79
27866	31
27869	179
2787	651
27873	391
27874	8
27875	32
27876	68
27878	321
27879	129
2788	2997
27882	186
27884	11
27888	46
2789	758
27899	285
279	603
2790	311
27904	1006
27905	99
2791	10012
27912	318
2792	2215
2793	1206
2794	1864
2795	3200
2796	825
2797	10788
2798	999
2799	644
28	1828
280	3204
2800	176
2801	540
2802	1269
2803	2499
2804	7065
2805	2494
2806	1068
2807	739
2808	2132
2809	156
281	2504
2810	496
2811	21
2812	201
2813	82
2814	42
2815	1093
2816	626
2817	465
2818	286
2819	1804
282	6977
2820	212
2821	8
2822	1181
2823	27
2824	84
2825	42
2826	3798
2827	1674
2828	553
2829	997
283	143
2830	92
2831	51
2832	17
2833	120
2834	111
2835	277
2836	782
2837	111
2838	19
2839	117
284	26
2840	2642
2841	2582
2842	239
2843	545
2844	353
2845	28
2846	829
2847	177
2848	240
2849	136
285	56
2850	40
2851	380
2852	687
2853	86
2854	43
2855	65
2856	304
2857	2360
2858	22120
2859	1184
286	69
2860	976
2861	1462
2862	583
2863	2459
2864	100
2865	84
2866	854
2867	1203
2868	248
2869	31
287	198
2870	752
2871	4394
2872	3473
2873	152
2874	272
2875	1293
2876	216
2877	1033
2878	129
2879	627
288	14012
2880	273
2881	3923
2882	589
2883	1161
2884	192
2885	346
2886	224
2887	62
2888	640
2889	1173
289	2002
2890	6629
2891	853
2892	89
2893	319
2894	318
2895	11
2896	54
2897	115
2898	405
2899	404
29	4424
290	2408
2900	574
2901	1107
2902	683
2903	457
2904	88
2905	589
2906	1025
2907	905
2908	4112
2909	14
291	393
2910	34
2911	59
2912	2058
2913	120
2914	82
2915	4372
2916	11479
2917	2227
2918	11806
2919	1747
292	16075
2920	553
2921	1422
2922	912
2923	80
2924	1073
2925	422
2926	1874
2927	432
2928	344
2929	863
293	13042
2930	54
2931	160
2932	697
2933	48
2934	21
2935	751
2936	754
2937	502
2938	155
2939	305
294	528
2940	547
2941	1268
2942	2004
2943	684
2944	3841
2945	95
2946	1236
2947	5946
2948	3663
2949	3629
295	306
2950	1925
2951	3268
2952	1023
2953	3485
2954	11
2955	17
2956	573
2957	12
2958	4
2959	16334
296	34864
2960	60
2961	1157
2962	242
2963	81
2964	127
2965	267
2966	2029
2967	505
2968	4723
2969	388
297	176
2970	632
2971	1359
2972	300
2973	2237
2974	376
2975	399
2976	2190
2977	255
2978	591
2979	199
298	157
2980	9
2981	37
2982	121
2983	403
2984	79
2985	7765
2986	2703
2987	12157
2988	443
2989	2239
299	1704
2990	2106
2991	2590
2992	122
2993	2244
2994	55
2995	1621
2996	457
2997	13871
2998	51
2999	58
3	7790
30	850
300	12726
3000	4125
3001	46
3002	173
3003	88
3004	1000
3005	3360
3006	4656
3007	1184
3008	400
3009	15
301	311
3010	189
3011	626
3012	49
3013	258
3014	152
3015	631
3016	1645
3017	401
3018	1040
3019	2161
302	1011
3020	3278
3021	120
3022	1112
3023	16
3024	584
3025	37
3026	46
3027	36
3028	585
3029	501
303	3979
3030	1693
3031	200
3032	983
3033	6064
3034	2289
3035	1508
3036	705
3037	2380
3038	300
3039	4783
304	470
3040	1231
3041	288
3042	242
3043	123
3044	2388
3045	530
3046	350
3047	60
3048	213
3049	152
305	2212
3050	82
3051	720
3052	8425
3053	1583
3054	777
3055	387
3056	70
3057	34
3058	28
3059	6
306	4055
3060	3096
3061	925
3062	1598
3063	664
3064	248
3065	21
30659	21
3066	1142
3067	1692
3068	1381
3069	150
307	3675
3070	2210
30701	40
30707	3710
3071	1521
30712	47
3072	4223
30721	23
3073	104
3074	837
30745	20
30747	28
30749	3181
3075	514
3076	366
3077	569
3078	489
30783	11
3079	758
30793	3029
308	2994
3080	3
30803	363
3081	7139
30810	2164
30812	2522
30816	614
30818	133
3082	4357
30820	478
30822	995
30825	1805
3083	2215
3084	14
30846	254
30848	207
3085	20
30850	316
3086	289
3087	2842
3088	1800
30883	124
3089	1477
30890	7
30892	84
30894	312
30896	3
30898	387
309	297
3090	694
3091	701
3092	90
3093	826
3094	397
30942	9
30949	29
3095	2025
30952	33
30954	16
3096	366
3097	867
30970	14
30977	15
3098	2759
30981	10
3099	854
30991	38
30994	18
30996	31
31	5071
310	153
3100	3018
31000	43
31004	4
3101	5457
31011	5
3102	941
31026	58
3103	249
31030	58
31032	35
31035	105
31038	29
3104	3092
31040	9
31042	30
31045	14
31047	13
31049	27
3105	3445
31053	2
3106	61
31060	5
3107	4080
31079	47
3108	4311
31083	24
31086	26
3109	233
31090	2
311	58
3110	135
31101	75
31104	24
31107	16
31109	3
3111	801
31112	2
31114	97
31116	161
3112	211
31123	9
3113	2803
3114	11533
31148	12
3115	404
31150	47
31156	18
3116	34
31160	10
31162	157
3117	357
3118	225
31184	273
31188	3
3119	31
31193	150
312	857
3120	546
3121	88
3122	87
31221	557
31223	80
31225	443
3123	25
3124	99
31247	22
3125	730
31251	95
31255	111
3126	40
31260	67
31263	26
3127	336
31270	65
3128	193
3129	1068
313	629
3130	637
31309	2
3131	9
3132	83
3133	143
3134	842
31347	29
31349	8
3135	900
31359	26
3136	21
31362	24
31364	135
31367	66
3137	79
3138	223
3139	75
314	2617
3140	59
31408	24
3141	342
31410	1360
3142	704
31420	508
31422	104
31424	197
31427	415
31429	43
3143	107
31431	165
31433	203
31435	107
31437	187
3144	150
31445	90
31447	19
3145	731
3146	1805
31467	47
3147	9822
3148	3643
31485	76
3149	34
31494	14
315	6857
3150	177
3151	10
3152	1553
31522	67
31528	75
3153	926
3154	28
3155	1887
31553	54
31555	63
3156	1845
3157	2528
31577	7
3158	221
31584	23
31588	19
3159	2165
31590	34
31594	22
31598	4
316	18925
3160	6247
31600	6
31606	3
3161	103
31610	13
31613	15
31617	66
3162	60
31628	4
3163	979
3164	4
3165	232
31658	1494
3166	59
31660	266
3167	661
3168	2658
31680	4
31682	12
31685	1577
31687	76
31689	133
3169	1079
31694	348
31696	1721
31698	178
317	9827
3170	2
31700	77
31702	57
31705	22
3171	100
3172	26
31724	77
3173	2127
31737	38
3174	4221
31742	5
31747	30
3175	7713
31750	3
3176	7637
3177	709
31770	59
3178	2352
31785	23
3179	919
318	31126
3180	225
31804	451
31807	50
3181	803
3182	590
3183	137
3184	24
3185	1324
31854	18
3186	2442
31867	106
3187	15
31878	1796
3188	204
3189	1050
319	3952
3190	605
31900	2
31903	70
31909	30
3192	87
31923	320
3193	4
31930	12
31934	82
3194	678
3195	3
31950	9
31952	143
31956	71
3196	1588
3197	767
31973	32
3198	2307
3199	173
31998	3
32	24397
320	205
3200	636
32002	4
32009	60
3201	1188
32011	143
32013	14
32017	304
32019	495
3202	50
32022	77
32025	98
32029	553
3203	1989
32031	767
3204	808
32049	18
3205	87
32056	7
32058	83
3206	458
32060	13
32062	2
3207	44
32074	11
32076	55
32078	56
3208	1098
32082	6
32084	32
32088	6
3209	8
32090	2
321	624
3210	4134
32109	10
3211	223
32116	108
3212	11
32120	7
32122	3
32124	26
32128	23
3213	935
32139	78
3214	255
32141	15
32149	34
3215	38
32151	13
32153	25
32156	7
32158	3
3216	51
32160	62
32162	29
32166	2
3217	254
32170	33
32174	36
32179	94
3218	97
3219	1479
322	1833
3220	5
3221	212
32211	2
32213	189
3222	107
3223	177
32234	48
32239	42
3224	315
3225	527
3226	2
32261	58
3228	14
32285	9
32289	100
3229	14
32291	288
32294	5
32296	368
32298	225
3230	284
32300	91
32302	159
3231	8
32314	40
32316	30
32318	2
3232	63
32325	25
32329	11
3233	5
32333	8
32335	8
32342	5
32345	12
32347	16
32349	39
3235	258
32352	13
32354	5
3236	13
32361	9
32369	48
3237	4
32371	75
32375	8
3238	790
32381	34
32383	50
32385	24
32387	78
32389	7
3239	124
32392	27
32395	21
324	303
3240	135
3241	222
3242	34
3243	1343
3244	891
32444	4
3245	87
32456	18
3246	2388
32460	56
32469	108
3247	3613
3248	1350
3249	1537
325	669
3250	1563
3251	850
3252	3656
32525	35
3253	7281
3254	2736
3255	5262
3256	4751
3257	3167
3258	1823
32582	114
32584	76
32587	5851
32589	93
3259	1733
32591	85
32593	18
32596	583
32598	436
326	804
3260	1811
32600	32
32602	15
32605	7
3261	1689
32617	26
3262	1155
32620	12
32625	20
32627	63
3263	2964
32632	40
3264	2554
32646	22
32649	14
3265	1501
32657	5
3266	819
32666	33
32668	27
3267	2374
32674	18
32677	9
3268	1066
3269	1804
327	3845
3270	849
3271	1893
3272	685
32721	60
3273	3108
3274	1655
32743	44
3275	2986
3276	188
32770	60
32781	27
3279	11
32792	5
328	1524
3280	14
3281	199
3282	70
32825	6
3283	44
3284	136
32844	7
3285	2693
32853	58
3286	446
32862	34
3287	491
32875	7
3288	20
32882	30
3289	218
32892	79
329	16167
3291	13
3292	55
3293	9
3294	30
3295	49
32954	5
3296	982
32966	6
3297	2
3298	2540
32988	27
3299	529
32999	3
33	44
330	980
3300	3616
33004	2484
3301	3354
3302	168
3303	30
33036	84
3304	166
3305	25
3306	137
3307	1210
33072	31
3308	720
33085	318
3309	80
331	372
3310	446
3311	113
33113	4
33119	2
33124	37
33126	43
3313	63
33132	5
33134	31
33136	53
33138	183
3314	24
33145	186
33148	16
3315	8
33150	12
33152	5
33154	479
33158	323
3316	1396
33160	2
33162	1063
33164	287
33166	3641
33168	27
3317	3576
33171	321
3318	116
33188	30
3319	88
33191	5
33193	11
332	1300
3320	247
3321	8
3322	37
3323	56
33237	34
3324	652
3325	561
3326	603
33264	2
3327	441
3328	2225
33288	11
3329	131
33296	4
333	6002
3330	408
3331	117
33312	106
33321	16
3333	42
3334	1575
33340	4
3335	35
33358	74
3336	7
3337	6
3338	135
3339	329
334	1048
3340	158
3341	538
33410	12
3342	833
33421	69
3343	138
33437	659
3344	79
3345	75
33451	25
33454	49
3346	22
3347	796
3348	15
3349	65
33493	5193
33495	173
33499	277
335	258
3350	487
3351	65
3352	16
3353	22
33539	57
3354	3344
3355	1814
33558	26
33564	78
3357	341
3358	1331
33585	96
3359	1753
33592	25
336	196
3360	2569
33603	41
33608	2
3361	4013
33615	1265
3362	3478
33621	44
33629	4
3363	3836
33639	308
3364	573
33641	4
33644	56
33646	479
33649	133
3365	1098
33660	1694
33669	311
3367	123
33672	219
33675	44
33677	116
33679	2561
3368	176
33681	82
33683	196
33685	35
33688	9
3369	7
337	10349
3370	198
3371	127
3372	204
33722	60
33725	88
3373	22
3374	59
3375	127
33750	34
3377	25
3378	34
33781	31
3379	299
33794	6662
338	2887
3380	20
3381	4
33815	61
33817	154
33819	70
3382	2
33821	10
33823	22
33826	84
33830	206
33832	31
33834	560
33836	561
33838	88
3384	872
3385	408
3386	3835
3387	655
3388	1144
33880	466
3389	91
33896	160
339	14219
3390	129
33903	341
33905	6
3391	412
3392	597
3393	126
3394	708
3395	166
3396	3640
33966	52
3397	1439
3398	1437
3399	349
34	18900
340	962
3400	133
34002	37
3401	357
34018	43
3402	80
3403	129
3404	972
34048	2758
3405	417
3406	255
34063	22
34065	23
3407	11
34072	1382
3408	8786
3409	2580
341	268
3410	33
3411	5
3412	583
34129	40
3413	23
3414	146
34143	306
34148	122
3415	185
34150	1366
34153	474
34155	61
34158	5
34162	2889
34164	142
3417	231
34170	30
34177	34
3418	6992
34185	7
34189	3
3419	37
34193	4
34198	80
342	6947
3420	609
3421	5998
3422	585
3423	225
3424	3145
3425	266
3426	704
3427	211
34271	392
3428	206
3429	1381
34292	47
34299	3
343	557
3430	644
3431	299
34319	1561
3432	269
34321	182
34323	278
34326	98
3433	170
34330	26
34332	389
34334	313
34336	377
34338	639
3434	136
3435	2403
34353	17
34359	66
3436	468
3437	74
3438	2681
3439	1435
344	21014
3440	1091
34405	2467
3441	1613
3442	98
3443	37
34437	1183
3444	954
3445	381
3446	169
3447	229
34473	2
3448	6310
34482	51
3449	96
34499	18
345	6215
3450	3008
3451	1444
3452	2169
34520	390
34523	149
34526	6
34528	333
3453	370
34530	244
34532	480
34534	404
34536	186
34538	22
3454	208
34540	68
34542	588
3455	11
3456	210
3457	360
34579	20
3458	13
34583	30
3459	239
346	698
34608	15
3461	1466
3462	1663
34624	9
3463	40
3464	58
34643	30
34645	34
34648	12
3465	51
3466	649
3467	883
3468	2075
3469	1028
347	980
3470	462
3471	7726
3472	43
3473	69
3474	59
3475	403
3476	2555
34767	48
3477	1523
3478	1134
3479	2232
348	5076
3480	616
3481	8555
3483	1019
3484	1273
3485	7
3486	40
3487	264
3488	45
3489	4186
349	18327
3490	68
3491	131
3492	50
3493	14
3494	994
3495	41
3496	154
3497	247
3498	1561
3499	4647
35	966
350	9879
3500	446
3501	569
35015	52
3502	340
3503	1018
3504	2573
3505	1551
3506	468
3507	1731
3508	1682
3509	255
351	2289
3510	4059
3511	295
3512	1606
3513	1507
3514	158
3515	646
3516	558
3517	12
3518	151
3519	657
352	854
3520	77
3521	764
3522	28
3523	32
3524	1686
3525	1116
3526	2868
3527	7527
3528	1044
3529	607
353	9774
3530	25
3531	83
3533	24
3534	2363
3535	3940
3536	2346
3537	167
3538	750
3539	247
354	792
3540	88
3541	6
3542	8
3543	2225
3544	272
3545	1671
3546	831
3547	279
3548	795
3549	958
355	5366
3550	579
3551	1877
3552	4504
3553	360
3554	588
3555	3641
3556	3201
3557	416
3558	6
3559	171
356	34457
3560	13
3562	95
3563	230
3564	780
3565	1029
3566	868
3567	115
3568	63
3569	405
357	16523
3570	25
3571	383
3572	215
3573	102
3574	79
3575	24
3576	738
3577	186
3578	15457
3579	199
358	1408
3580	119
3581	426
35836	3181
3584	303
3585	53
3586	69
3587	141
3588	126
3589	19
359	177
3590	176
3591	1771
3592	28
3593	2072
3594	701
3595	36
35957	581
3596	194
3597	254
3598	718
3599	270
36	12689
360	1307
3600	260
3601	19
3602	113
3603	14
3604	328
3605	142
36056	11
3606	521
3607	7
3608	3098
3609	43
361	3067
3610	58
3611	60
3612	95
3613	205
3614	1299
3615	1259
36152	12
3616	807
3617	3702
3618	1282
3619	183
362	4016
3620	166
3621	37
3622	184
3623	8871
3624	3877
3625	46
3626	177
3627	334
36276	347
3628	211
3629	1025
363	385
3630	30
3631	18
3632	165
3633	1469
3634	482
3635	2183
3636	37
3637	63
3638	2458
3639	2021
36392	8
36397	119
364	20972
3640	58
36401	833
3641	32
3642	28
3643	198
3644	42
3645	84
3646	1242
3647	4
36477	57
3648	46
3649	828
365	1145
3650	14
36509	145
3651	15
36511	8
36513	43
36517	1568
36519	520
3652	62
36523	29
36525	447
36527	431
36529	1863
3653	406
36531	38
36533	80
36535	534
36537	276
36539	25
3654	1979
36541	6
36545	8
3655	177
36553	12
3656	11
3657	12
3658	219
3659	91
366	1588
3660	386
3661	203
3662	200
3663	135
3664	126
3665	94
3666	62
3667	78
3668	1526
3669	228
367	19036
3670	55
36708	597
3671	5298
3672	489
3673	146
3674	127
3675	1027
3676	1232
3677	592
3678	254
3679	249
368	10349
3680	191
3681	2095
3682	789
3683	2592
3684	1115
3685	1411
3686	1997
3687	21
3688	1310
3689	546
369	755
3690	472
3691	121
3692	177
3693	654
3694	215
3695	190
3696	229
3697	2902
3698	3429
3699	2466
37	55
370	8210
3700	670
3701	1367
3702	4449
3703	4437
3704	2926
3705	1203
3706	1494
3707	921
3708	812
3709	385
371	2745
3710	457
3711	102
3712	940
3713	238
3714	137
3715	169
3716	142
3717	4861
3718	243
3719	189
372	4661
3720	368
3721	81
37211	32
3722	31
3723	1176
3724	505
37240	371
3725	250
3726	527
3727	618
3728	478
37287	6
3729	743
373	2270
3730	1904
3731	133
3732	238
3733	936
37335	3
3734	168
3735	2094
3736	202
3737	104
3738	226
37380	495
37382	420
37384	286
37386	731
3739	170
374	2626
3740	2591
3741	1038
3742	929
3743	349
3744	2156
3745	2912
3746	227
3747	515
37475	186
37477	103
3748	18
3749	81
375	164
3750	2
3751	8915
3752	4000
3753	7132
3754	909
37545	44
3755	5120
3756	153
3757	45
3758	247
3759	94
376	6892
3760	883
3761	202
3762	5
3763	2100
3764	607
3765	185
3766	481
3767	293
3768	223
3769	399
377	23748
3770	795
3771	358
3772	17
37720	424
37727	715
37729	1587
3773	422
37731	380
37733	1620
37736	160
37739	179
3774	184
37741	1590
3775	57
3776	73
3777	84
3778	10
378	1486
3780	80
3781	76
3782	87
3783	1186
37830	492
37837	6
3784	811
37844	35
37846	8
3785	4275
37853	181
37855	112
37857	374
3786	978
3787	308
3788	879
3789	358
379	3006
3790	175
3791	1772
3792	145
3793	13147
3794	533
3795	175
37955	20
3796	89
3797	163
37976	4
3798	3189
3799	531
38	313
380	25381
3800	25
3801	846
3802	885
3803	20
38038	1976
3804	103
3805	89
3806	106
38061	1709
3807	283
3808	138
3809	3028
38095	7
381	2963
3810	205
3811	1011
3812	1185
3813	296
3814	886
3816	167
3817	45
3818	28
38188	67
3819	930
38198	24
382	3224
3820	122
3821	1411
3822	313
3823	267
3824	829
3825	1991
3826	3736
3827	2715
3828	3
3829	21
38294	52
383	3040
3830	201
38304	276
3831	916
3832	74
3833	182
3834	315
3835	502
3836	1212
3837	219
3838	116
38388	94
3839	111
384	496
3840	325
3841	951
3843	149
3844	1738
3845	76
3846	257
3847	97
3848	62
3849	158
38499	84
385	80
3850	24
3851	232
3852	1080
3853	35
3854	156
3855	221
3856	2
3857	430
3858	475
3859	267
386	231
3860	45
38600	110
3861	1494
3862	152
3863	4147
3864	745
3865	600
3866	21
3867	64
3868	3670
3869	2416
387	422
3870	138
38701	49
3871	1021
3872	280
3873	805
3874	62
3875	53
3876	29
3877	721
3878	40
3879	822
38798	502
388	350
3880	65
3881	38
3882	2253
38824	7
3883	40
3884	158
38843	3
3885	121
3886	133
3887	18
3888	36
38886	732
3889	751
389	130
3890	2
3891	16
3892	166
3893	2733
3894	88
3895	470
3896	903
3897	9635
3898	267
3899	34
38992	184
38994	47
39	15504
390	467
3900	94
3901	458
3902	57
3903	160
3904	2
3905	77
39052	241
3906	235
3907	11
3908	658
3909	399
391	283
3910	1956
3911	5195
3912	165
3913	81
3914	197
3915	468
3916	3683
3917	1309
3918	730
39183	2249
3919	417
392	169
3920	218
3921	80
3922	59
3923	212
39231	489
39234	324
3924	43
3925	574
3926	358
3927	975
3928	552
3929	365
39292	1718
393	1060
3930	622
39307	102
3931	93
3932	854
3933	69
3934	57
3936	324
39369	6
3937	377
3938	96
39381	394
3939	90
39390	8
39394	11
39398	50
394	75
3940	60
39400	130
39402	19
39408	27
3941	78
39410	10
39414	396
39416	17
39419	139
3942	74
39421	21
39425	2
39427	228
3943	445
39435	329
3944	52
39441	38
39444	535
39446	911
39449	275
3945	227
3946	653
3947	365
3948	8012
3949	5778
395	7
3950	760
3951	141
3952	1610
3953	814
3954	31
3955	563
3956	385
3957	388
3958	93
3959	1579
396	18
3960	89
3961	323
3962	157
3963	302
3964	320
3965	125
3966	191
3967	3728
3968	2015
3969	2730
397	55
3970	108
39703	14
3971	92
39715	225
3972	1606
3973	811
3974	146
3975	296
3976	40
39768	6
3977	8586
3978	1631
3979	1507
398	32
3980	1693
3981	1905
3982	120
3983	1702
3984	2239
3985	410
3986	2418
39869	162
3987	1104
3988	2865
39886	90
3989	285
39896	14
399	7
3990	359
3991	594
3992	399
3993	1516
3994	7109
3995	20
3996	13112
3997	1118
3998	1370
3999	1694
4	1764
40	566
400	19
4000	342
4001	89
40010	40
4002	3595
4003	498
4004	16
4005	1103
4006	1542
4007	2215
4008	2125
4009	464
401	14
4010	982
4011	7456
4012	357
4013	19
4014	5185
40148	154
4015	2496
4016	2709
4017	1202
4018	4227
4019	3036
402	37
4020	1441
4021	558
4022	9159
4023	2386
4024	388
4025	4462
4026	33
4027	9445
40278	1352
4028	218
4029	1807
403	9
4030	647
4031	637
4032	53
4033	1935
40337	19
40339	412
4034	9167
4035	199
4036	1410
4037	1083
4038	77
4039	1215
404	55
4040	1124
4041	1989
40412	117
40414	172
4042	360
4043	214
4044	30
4045	67
4046	164
4047	949
4048	41
4049	48
40491	12
405	2128
4050	29
4051	33
4052	1084
4053	199
4054	1550
4055	473
4056	872
4057	8
40574	71
4058	10
40581	232
40583	1419
40586	6
4059	10
406	45
4060	62
4061	720
40614	312
4062	1194
40629	1189
4063	407
4064	75
4065	121
4066	685
4067	521
4068	428
4069	1924
407	1083
4070	25
4072	84
40723	210
4073	58
40732	589
4074	47
40752	5
4076	25
4077	438
4078	83
4079	526
408	372
4080	395
4081	144
40815	3452
40817	41
40819	2557
4082	447
40826	330
4083	73
4084	2194
4085	5352
40851	224
4086	883
4087	36
40870	234
4088	25
40887	49
4089	288
409	243
4090	689
4091	761
4092	244
4093	57
4094	52
40946	208
4095	364
40952	65
40955	134
40959	268
4096	30
40962	88
40964	15
40966	208
40969	7
4097	82
40973	54
4098	144
40988	48
4099	33
41	2981
410	11224
4100	125
4101	18
41014	61
4102	1177
41025	62
4103	1740
4104	608
4105	2532
4106	76
4107	28
4108	61
4109	243
411	70
4110	100
4111	146
4112	13
4113	133
41136	19
4114	28
4115	90
4116	308
4117	758
4118	43
4119	126
412	2781
4120	33
4121	1749
4122	128
4123	308
4124	683
4125	284
4126	359
4127	180
4128	2907
41285	1332
4129	88
413	3255
4130	265
4131	192
4132	1086
4133	777
41336	3
4134	11
4135	277
4136	43
4137	47
4138	66
4139	41
414	531
4140	46
4141	299
41411	50
4142	265
41425	29
4143	374
4144	916
4145	10
4146	268
4147	84
4148	3479
4149	1054
415	2012
4150	13
4151	211
4152	120
41527	174
4153	476
4154	180
4155	748
4156	38
41564	4
41566	2831
41569	2602
4157	35
41571	763
41573	433
41575	43
4158	533
41585	45
4159	788
416	1127
4160	202
4161	2353
41617	66
4162	106
41627	8
4163	25
4164	156
4165	51
4166	377
4167	885
4168	319
4169	163
41699	2
417	2116
4170	2
4171	19
41716	569
4172	11
41721	50
4173	31
4174	449
4175	141
4176	44
41769	35
4177	96
4178	573
4179	103
418	438
4180	46
4181	149
4182	31
4183	145
41831	22
4184	278
4185	66
4186	197
41863	367
4187	457
4188	218
4189	133
419	2620
4190	306
4191	378
4192	48
4193	53
4194	106
4195	230
4196	35
4197	97
4198	174
4199	83
41997	1984
42	1547
420	9036
4200	335
42002	349
42004	505
42007	295
42009	151
4201	107
42011	572
42013	156
42015	228
42018	254
4202	17
42021	50
4203	378
4204	82
4205	676
42053	30
4206	139
4207	616
4208	62
4209	87
42094	48
421	1048
4210	1031
4211	703
4212	361
4213	226
4214	1677
4215	643
4216	304
4217	175
4218	502
4219	273
42197	162
422	883
4220	669
4221	344
42213	4
42217	52
4222	157
4223	3503
4224	465
4225	1041
4226	12891
4227	107
4228	894
4229	296
423	1423
4230	9
4231	580
4232	1909
4233	370
4234	915
4235	2495
4236	82
4237	131
4238	1495
4239	3270
424	462
4240	251
4241	263
42418	426
4242	123
4243	57
4244	40
4245	56
4246	6120
4247	1047
4248	724
4249	52
425	568
4250	81
4251	368
4252	77
4253	31
4254	801
4255	787
42556	6
4256	158
4257	9
4258	16
4259	177
426	2121
4260	30
42602	6
4261	31
4262	4561
4263	360
42632	349
42634	25
4265	721
4266	154
4267	611
4268	149
42681	9
4269	9
427	2181
4270	3814
4271	56
42718	281
4272	85
42721	161
42723	564
42725	255
42728	186
4273	222
42730	211
42732	126
42734	286
42736	9
42738	676
4274	308
42740	59
4275	730
4276	421
4277	219
4278	310
4279	150
428	2713
4280	1679
4281	36
4282	184
4283	113
4284	107
4285	498
4286	71
4287	57
4288	37
4289	67
429	918
4290	235
42900	55
4291	1198
4292	690
4293	332
4294	177
4295	27
4296	534
4297	198
4298	337
4299	2856
43	1630
430	161
4300	101
43007	2
4301	45
43011	5
4302	38
4303	30
4304	661
4305	510
4306	14533
4307	37
4308	5818
4309	2
431	4712
4310	4118
4311	8
4312	171
4313	152
4314	34
4315	20
4316	172
4317	577
4318	471
4319	40
432	8010
4320	52
4321	3714
4322	1037
4323	128
4324	39
4325	85
4326	2005
4327	1946
4328	93
4329	674
433	773
4330	63
4331	137
4332	231
4333	1383
43333	145
4334	315
4335	55
4336	257
4337	248
43376	225
4338	367
4339	408
43391	13
43396	525
434	15241
4340	745
4341	237
43419	108
4342	102
4343	2353
4344	3000
4345	636
4346	13
43460	221
4347	119
4348	19
4349	848
435	8324
4350	213
4351	2027
4352	141
4353	222
4354	328
4355	259
43556	82
43558	123
4356	774
43560	288
4357	432
4358	23
4359	845
436	733
4360	141
4361	4129
4362	17
4363	38
4364	4
4365	9
4366	1267
4367	3563
43679	297
4368	919
43684	79
4369	3298
437	1166
4370	5381
43708	178
4371	195
43710	2
4372	700
4373	262
4374	12
43744	85
4375	37
4376	35
4377	15
4378	1486
4379	13
438	660
4380	595
4381	401
4382	28
4383	407
43836	305
4384	74
4385	13
4386	1092
43869	116
4387	876
43871	345
4388	1808
4389	168
43899	12
439	36
4390	184
43904	109
43906	16
43908	43
4391	84
43910	65
43912	91
43914	64
43917	217
43919	313
4392	204
43921	259
43923	31
43926	27
43928	416
4393	100
43930	111
43932	102
43934	39
43936	555
4394	139
4395	57
4396	965
4397	351
4398	154
43987	36
4399	76
44	5952
440	12017
4400	43
44004	379
4401	146
4402	34
44022	876
4403	153
4404	122
4405	123
44058	39
4406	882
4407	444
44073	23
4408	60
4409	171
441	4162
4410	505
4411	203
4412	76
4413	29
4414	144
4415	271
4416	84
44161	7
44168	36
4417	47
4418	46
44189	46
4419	127
44191	4405
44193	236
44195	2522
44197	142
44199	1959
442	10861
4420	100
44204	308
4421	17
4422	314
44225	62
4423	74
44238	2
4424	707
4425	131
4426	234
4427	868
4428	158
4429	237
443	372
4430	43
44301	29
4431	25
4432	390
4433	104
4434	45
4435	29
4436	87
4437	387
4438	197
4439	87
44397	358
44399	76
444	819
4440	251
4441	141
4442	162
4443	603
4444	310
4445	67
4446	3316
4447	4292
4448	2315
4449	14
44494	49
445	1212
4450	445
4451	51
44511	22
4452	605
4453	103
4454	7
4455	3
44555	1230
4456	10
4457	2
4458	104
44587	14
4459	44
44595	20
446	2346
4460	16
4461	22
44613	115
4462	150
4463	62
44633	94
4464	769
4465	926
44653	2
44657	39
4466	321
44665	1830
4467	1795
4468	119
4469	45
44694	803
447	138
4470	83
44709	330
4471	257
4472	46
44729	58
4473	197
44731	62
4474	754
4475	99
44759	161
4476	187
44761	629
4477	528
44777	8
4478	658
44788	316
4479	180
448	1878
4480	419
4481	46
44815	33
4482	221
44828	282
4483	421
4484	145
44840	179
44844	24
44849	77
4485	180
4486	177
44864	242
4487	1214
4488	633
44889	42
4489	2258
449	424
4490	87
4491	38
44911	9
4492	454
44929	107
4493	201
44937	122
4494	149
44949	30
4495	344
4496	353
4497	99
44972	471
44974	516
44978	3
4498	527
4499	2241
45	5652
450	1885
4500	181
4501	261
4502	423
45028	376
4503	105
4504	127
4505	99
4506	569
45062	309
4507	29
45074	104
4508	816
45081	454
4509	435
451	431
4510	37
45106	202
4511	95
4512	89
4513	45
4514	89
4515	265
4516	163
4517	191
45175	129
4518	331
45183	140
45186	1250
4519	987
452	786
4520	268
45208	193
4521	121
45210	742
4522	92
45221	94
4523	300
4524	229
4525	74
4526	559
4527	94
4528	38
4529	391
453	589
4530	40
4531	487
4532	214
4533	560
45335	23
4534	161
4535	610
4536	39
45361	102
4537	315
4538	30
45382	112
4539	26
454	15622
4540	70
4541	460
45412	2
4542	30
4543	165
45431	849
4544	863
45440	212
45442	329
45447	1924
4545	1706
4546	633
4547	57
4548	31
4549	31
45499	2451
455	4363
4550	54
45501	543
45503	46
4551	29
45517	1444
4552	209
45525	41
4553	676
4554	11
4555	260
4556	33
4557	545
4558	1553
4559	202
456	563
4560	80
4561	127
45611	13
4562	179
4563	524
45635	94
4564	622
4565	297
45658	30
4566	152
45662	229
45664	20
45666	459
45668	424
4567	99
45672	682
45679	19
4568	173
4569	86
457	28951
4570	189
4571	4279
4572	636
45720	1117
45722	3403
45726	351
45728	988
4573	132
45730	488
45732	360
4574	199
4575	45
4576	36
4577	433
4578	263
4579	37
458	672
4580	301
4581	65
4582	51
4583	58
4584	149
4585	267
45852	49
4586	80
4587	904
4588	90
45880	450
4589	345
459	697
4590	84
4591	320
4592	42
45928	326
4593	173
4594	36
4595	184
45950	1125
4596	26
4597	179
4598	66
45981	27
4599	358
46	2052
460	557
4600	219
4601	36
4602	268
4603	263
46034	3
4604	13
4605	243
4606	38
46062	58
4607	54
4608	89
4609	77
461	584
4610	154
4611	88
4612	347
4613	469
4614	332
4615	121
4616	925
4617	152
4618	340
4619	202
46194	6
462	129
4620	132
4621	1859
4622	170
4623	2033
46231	3
4624	463
4625	207
46258	8
4626	142
4627	125
4628	379
4629	193
463	259
4630	116
4631	35
4632	113
46322	422
4633	138
46335	362
46337	106
4634	132
46347	103
4635	243
4636	316
4637	112
4638	3299
4639	2085
464	1952
4640	326
4641	3026
4642	1298
4643	4236
46430	29
4644	329
4645	113
4646	226
4647	18
4648	5
4649	386
465	439
4650	42
4651	33
4652	132
4653	65
46530	1566
4654	634
4655	94
46559	103
4656	27
4657	48
46572	73
46574	51
46578	3576
4658	140
4659	128
466	8084
4660	65
4661	650
4662	410
4663	122
4664	276
4665	177
46653	23
4666	103
46664	6
4667	27
4668	25
4669	78
467	470
4670	219
4671	58
4672	226
46723	1502
4673	1038
4674	58
4675	278
4676	454
4677	1308
46772	89
4678	1071
4679	1377
468	4495
4680	123
46803	69
4681	1309
4682	396
4683	216
46839	15
4684	36
4685	116
46850	336
46855	70
4686	565
46865	99
4687	85
4688	347
4689	41
469	811
4690	327
46901	4
4691	61
46919	33
4692	208
4693	20
4694	32
46948	397
4695	66
46959	38
4696	260
46965	672
46967	322
4697	173
46970	931
46972	773
46974	281
46976	1866
4698	36
4699	429
47	22521
470	268
4700	1316
4701	2871
4702	26
4703	936
4704	174
47044	587
47047	2
47049	6
4705	523
4706	109
4707	45
4708	128
4709	353
47099	962
471	6706
4710	394
4711	145
47117	15
4712	83
47122	173
47124	103
4713	809
4714	314
47148	14
4715	69
4716	48
4717	70
4718	3869
4719	513
472	467
4720	4725
47200	532
47202	66
4721	261
4722	106
4723	506
4724	11
4725	457
47254	78
4726	7
47261	108
47264	90
4727	586
47274	32
4728	1687
4729	85
473	856
47306	26
4731	86
4732	437
4733	709
47330	15
4734	3153
4735	733
4736	321
4737	103
4738	225
47382	120
47384	33
4739	24
47394	15
474	11523
4740	66
4741	494
4742	4
47423	358
4743	315
4744	947
47446	29
4745	511
4746	43
47465	125
4747	11
4748	451
4749	283
47493	15
475	5230
4750	200
4751	49
47516	44
47518	299
4752	49
4753	75
4754	753
4755	27
4756	455
4757	757
4758	140
4759	79
476	158
4760	14
4761	78
47610	1770
47615	7
47629	841
4763	35
47634	6
4764	32
47640	288
47642	26
47644	314
47646	45
4765	287
4766	83
4767	206
4768	69
4769	136
477	2863
4770	464
4771	260
4772	136
47721	52
47723	26
47725	76
47728	5
4773	113
4774	353
4775	380
4776	3753
4777	44
47778	68
4778	10
4779	65
47793	31
478	169
4780	84
47805	25
4781	43
47810	199
47815	4
4782	295
4783	340
47830	58
47836	14
4784	455
4785	45
4786	160
4787	832
4788	160
4789	177
47894	209
479	779
4790	88
47907	6
4791	44
4792	213
4793	59
47937	84
4794	91
47940	15
4795	326
47950	232
47952	120
47956	30
4796	56
4797	34
47970	243
47976	41
47978	87
4798	181
4799	872
47997	514
47999	409
48	7313
480	32631
4800	115
4801	165
4802	384
4803	480
48032	37
4804	88
48043	737
4805	59
4806	93
48061	123
4807	96
4808	328
48082	681
4809	721
481	3034
4810	55
4811	232
4812	458
48123	2
4813	206
4814	950
48142	377
4815	718
48150	8
48159	13
4816	3481
48161	101
4817	29
4818	30
4819	68
48198	2
482	1722
4821	691
48214	13
4822	110
4823	1665
48231	8
4824	69
4825	17
4826	324
48262	51
4827	46
4828	47
4829	44
483	342
4830	276
48301	34
48304	861
4831	77
48319	130
4832	39
48322	451
48326	117
4833	263
4834	259
48342	31
4835	677
4836	108
4837	97
4838	62
48385	2867
4839	36
48394	2980
484	430
4840	106
4841	56
48412	209
48414	167
48416	135
4842	150
4843	2
4844	1341
4845	406
4846	772
4847	146
4848	4332
4849	209
485	7624
4850	142
4851	30
48516	4145
48518	181
4852	113
48520	183
48522	47
4853	47
4854	49
4855	2804
4856	48
48560	182
48567	4
4857	1508
4858	35
48584	12
4859	21
48591	146
48593	231
48596	82
48598	88
486	382
4860	36
48600	26
4861	27
4862	301
4863	135
4864	59
4865	2247
4866	823
4867	843
48678	83
4868	49
48682	25
4869	26
48696	522
48698	112
487	397
4870	81
4871	156
48711	19
4872	87
4873	1355
48738	1281
4874	3146
48741	64
48744	218
4875	50
4876	942
4877	62
48774	2634
4878	7225
48780	2808
48783	489
4879	53
48791	30
488	344
4880	1323
4881	2140
4883	17
4884	67
4885	289
48856	87
4886	10577
4887	1176
48872	49
48877	493
48879	75
4888	359
48883	81
4889	1076
489	1881
4890	2315
48909	12
4891	7
4892	28
4893	126
4894	68
48943	49
4895	66
4896	7834
4897	67
4898	369
48982	386
4899	427
48997	466
49	141
490	1965
4900	143
49007	38
4901	2858
49013	69
4902	634
4903	1575
4905	7
4906	2
4907	31
4908	28
4909	184
491	3413
4910	13
4911	403
49110	34
4912	486
4913	26
49130	169
49132	129
4914	707
4915	529
4916	307
4917	62
4918	101
4919	143
492	1861
4920	233
49200	30
49205	43
4921	340
4922	48
49220	218
4923	49
4924	29
4925	66
4926	36
49263	38
49265	15
4927	118
49272	3914
49274	538
49276	71
49278	812
4928	273
49280	215
49282	42
49284	112
49286	526
4929	461
493	2224
4930	78
4931	21
49312	48
49314	129
4932	373
4933	32
4934	68
49347	206
4935	21
49355	29
4936	725
4937	42
4938	20
4939	291
49396	330
494	7613
4940	24
4941	945
4942	53
49422	22
4943	36
4944	84
4945	315
4946	62
4947	269
4948	10
4949	109
495	376
4950	112
4951	676
4952	50
49524	53
49526	76
49528	69
4953	40
49530	1798
4954	1039
4955	41
4956	410
4957	330
49571	7
4958	1495
4959	92
496	278
4960	38
4961	172
4962	70
4963	10521
4964	65
49642	30
49644	4
49647	133
49649	393
4965	217
49651	472
4966	323
49666	37
4967	921
4968	39
49688	20
4969	408
497	8851
4970	625
4971	423
4972	99
4973	9681
4974	1241
4975	4002
4976	446
4977	148
49772	304
4978	825
4979	6000
49793	168
498	235
4980	1866
4981	204
49817	5
4982	46
49822	656
49824	375
4983	32
4984	30
4985	110
49856	2
4986	45
4987	121
4988	47
4989	265
499	274
4990	515
4991	247
49910	190
4992	1433
4993	15938
49932	220
4994	1043
4995	9575
49957	106
4996	120
49961	486
4997	37
4998	159
4999	79
5	7135
50	24037
500	19214
5000	66
50003	65
50005	209
5001	117
50011	43
5002	251
5003	108
5004	349
5005	82
5006	35
50064	142
50066	81
50068	795
5007	200
5008	687
5009	926
501	1090
5010	4839
5011	192
5012	317
5013	3287
5014	1490
50147	66
50149	45
5015	2728
50151	23
50153	46
50158	47
5016	815
50160	170
50162	47
5017	291
5018	29
50189	158
5019	9
502	1951
5020	11
5021	502
5022	94
50229	26
5023	171
5024	33
5025	1234
50253	13
50259	26
5026	1569
5027	676
50274	125
5028	69
5029	69
503	82
5030	22
5031	21
5032	24
5033	224
5034	574
5035	77
50354	12
50356	18
5036	128
5037	33
5038	97
5039	538
504	714
5040	958
5041	80
5042	43
5043	23
5044	45
50440	32
50442	227
50445	88
50447	59
5045	32
5046	335
5047	645
5048	316
5049	2035
505	801
5050	8
5051	586
50514	112
5052	14
5053	283
5054	360
5055	1019
5056	163
5057	29
5058	37
50583	2
5059	137
50594	4
506	834
5060	7605
50601	367
5061	72
50619	2
5062	190
5063	91
5064	2524
5065	1400
50658	66
5066	684
5067	5
5068	82
50685	378
5069	219
507	1989
5071	74
5072	805
5073	226
5074	523
5075	120
5076	219
5077	153
5078	79
5079	44
50792	136
50794	472
50796	59
50798	270
508	11246
5080	281
50800	77
50802	146
50804	252
50806	137
5081	406
5082	17
5083	48
5084	26
50842	58
5085	67
50851	97
50858	39
5086	44
5087	50
50872	2038
5088	42
5089	14
50898	2
509	10585
5090	109
5091	17
50912	253
5092	352
50923	148
5093	800
5094	485
50949	3
5095	269
5096	240
5097	47
50970	5
5098	35
5099	227
51	14
510	548
5100	65
51007	39
5101	163
51014	2
5102	460
5103	1790
51037	58
5104	22
5105	372
5106	467
5107	612
51077	504
5108	821
51080	564
51082	19
51084	456
51086	459
51088	169
5109	202
51091	359
51094	40
511	1060
5110	1217
5111	409
5112	176
51127	7
5113	36
5114	110
5115	25
5116	33
5117	139
51174	69
5118	119
5119	92
512	770
5120	626
5121	102
5122	230
5123	63
5124	30
5125	215
51255	2059
5126	44
5127	416
51277	33
5128	714
5129	20
513	376
5130	17
51304	4
5131	78
51314	9
5132	4
5133	14
5134	158
5135	1546
5136	89
5137	225
51372	4
5139	747
514	2977
5140	145
5141	138
51412	320
51418	95
5142	64
5143	44
5144	15
5145	72
5146	691
5147	692
51471	158
5148	29
5149	10
51498	9
515	6499
5150	17
5151	1134
5152	1725
5153	35
5154	11
51540	1147
5155	54
5156	16
51562	15
5157	34
51575	280
5158	62
5159	531
516	2196
5160	31
5161	101
5162	47
5163	33
51638	36
5164	66
5165	140
5166	9
51660	51
51662	2797
51666	29
5167	65
51678	53
5168	135
5169	105
51694	67
51698	173
517	2199
5170	103
51705	71
51709	283
5171	1789
5172	246
5173	33
5174	49
5175	24
5176	13
5177	346
5178	25
5179	79
518	782
5180	61
5181	50
5182	32
5183	26
51834	140
5184	107
5185	41
51857	16
5186	35
5187	165
5188	27
51884	202
5189	49
519	2635
5190	32
51903	85
51911	10
5192	54
51925	207
51927	72
5193	144
51931	301
51933	27
51935	598
51937	113
51939	213
5194	2
5195	23
5196	31
5197	93
5198	179
5199	119
51991	30
52	5887
520	8062
5200	34
52005	31
5201	25
52016	3
5202	53
5203	33
52037	21
5204	27
52042	233
5205	94
5206	27
5207	26
5208	49
5209	29
521	1404
5210	27
5211	113
5212	94
5213	190
5214	532
5215	70
5216	26
5217	38
5218	5197
5219	2133
522	741
5220	693
5221	80
5222	889
52227	44
5223	72
5224	70
52241	343
52245	601
5225	2468
5226	266
5227	54
52279	50
5228	36
52281	1100
52283	118
52285	21
52287	248
5229	8
523	622
5230	97
5231	125
5232	103
52321	65
52328	699
5233	55
5234	68
5235	74
52352	2
52356	30
5236	41
5237	436
52375	154
5238	149
5239	33
524	4064
5240	101
5241	162
52413	14
5242	24
5243	64
52435	190
5244	168
52448	42
5245	34
52456	129
52458	481
5246	317
52460	97
52462	113
5247	766
5248	202
5249	44
525	111
5250	349
5251	38
5252	5
5253	10
5254	2352
52545	14
5255	293
5256	66
52561	2
52579	191
5258	163
5259	16
52591	39
526	86
5260	7
52604	523
52606	47
5261	2
5262	36
5263	32
5264	357
52644	166
5265	985
5266	3412
52666	8
52668	83
5267	1137
5268	88
5269	388
52694	196
527	25777
5270	12
52712	89
52715	35
52717	97
5272	133
52722	1271
52724	60
5273	15
5274	26
5275	40
5276	70
52767	64
5277	31
5278	37
5279	184
528	581
5280	16
5281	13
5282	474
5283	980
52838	49
5284	137
5285	37
5286	33
52867	73
5287	106
5288	281
52885	244
5289	68
529	6505
5290	67
5291	1591
5292	1142
52929	6
5293	1401
5294	1231
5295	39
52950	141
52952	279
5296	704
52967	173
5297	282
52973	1586
52975	386
5298	398
5299	5259
53	91
530	18
5300	191
53000	917
53002	74
53004	48
5301	45
5302	32
5303	1074
53038	20
5304	213
5305	163
5306	41
5307	88
5308	1659
5309	850
531	3972
5310	218
5311	124
5312	767
53121	672
53123	525
53125	1443
53127	77
53129	427
5313	1276
53131	22
53133	22
5314	66
53143	23
5315	49
5316	637
53161	43
5317	25
5318	23
53189	94
5319	506
532	3683
53207	152
5321	50
5322	22
5323	485
5324	359
5325	492
5326	10
5327	34
5328	32
5329	543
533	2423
5330	2
5331	43
53318	174
5332	30
53322	1151
53326	14
5333	139
5334	289
53349	32
5335	113
5336	28
5337	163
5338	15
5339	501
534	3048
5340	62
5341	342
5342	27
5343	95
53435	147
5344	55
53447	98
5345	31
53450	21
5346	197
53460	205
53464	555
53466	38
53468	123
5347	73
5348	300
5349	10745
535	3398
5350	38
5351	38
53519	615
5352	147
5353	121
5354	84
5355	44
53550	398
5356	37
5357	192
53574	30
53578	34
5358	109
5359	197
536	449
5360	61
5361	248
5362	54
5363	403
5364	955
5365	52
5366	67
5367	414
5368	54
5369	43
537	2211
5370	32
5371	9
5372	137
5373	101
53737	28
5374	30
5375	75
53752	2
5376	90
53769	19
5377	4564
5378	7934
5379	392
538	3219
5380	1066
5381	49
5382	352
5383	240
53835	4
5384	40
5385	458
5386	28
5387	354
5388	3245
53883	3
53887	43
5389	359
53894	732
539	16925
5390	140
5391	628
5392	142
53921	101
5393	16
5394	30
5395	64
53953	520
53956	334
5396	46
5397	131
53972	1200
53974	117
5398	164
53988	66
5399	67
53993	386
53996	1509
53999	58
54	566
540	3029
5400	1951
54001	1516
54004	298
5401	734
5402	4
5403	7
5404	291
5405	10
5406	62
5407	16
54075	12
5408	29
5409	93
54094	41
541	15471
5410	388
5411	24
54116	34
5412	53
5413	30
5414	466
5415	770
5416	73
5417	406
5418	8164
5419	1118
54190	353
54193	37
54196	16
54198	2
542	2101
5420	866
5421	599
5422	156
5423	131
5424	88
5425	93
54256	141
54259	1068
5426	35
54268	12
5427	129
54270	37
54272	1944
54274	67
54276	140
54278	54
5428	199
54281	179
54284	9
54286	2648
5429	37
54290	52
543	7210
5430	9
5431	90
5432	31
54328	21
5433	249
54331	76
5434	218
5435	132
5436	59
5437	218
54372	57
5438	450
5439	111
544	1348
5440	223
5441	19
5442	250
5443	129
5444	2276
5445	11038
5446	1221
5447	306
5448	81
5449	1552
545	34
5450	390
54503	1634
54505	10
5451	295
54510	14
54513	78
5452	1179
5453	154
5454	203
5455	52
5456	102
5457	47
5458	208
5459	4634
546	3088
5460	340
5461	63
54612	37
5462	228
54621	14
5463	1435
5464	4094
54648	229
5465	53
5466	107
5467	31
5468	66
54686	51
5469	31
54691	4
547	528
5470	385
5471	89
5472	205
5473	30
54732	128
54734	48
54736	463
5474	37
54745	126
5475	293
5476	306
54768	36
5477	416
54771	184
54775	133
54778	5
5478	764
54780	115
54783	10
54785	145
54787	112
5479	810
54796	140
548	1802
5480	404
5481	3858
5482	111
5483	354
5484	61
5485	319
5486	67
5487	18
5488	26
54881	379
5489	367
549	918
5490	56
5491	28
54910	9
5492	23
5493	228
54934	55
5494	18
5495	45
54958	2
5496	38
54962	107
5497	278
54978	15
5498	190
5499	206
54995	565
54997	1230
54999	441
55	627
550	2153
5500	1341
5501	349
5502	5229
55020	63
5503	69
5504	554
5505	1354
55052	723
5506	553
55063	29
55069	213
5507	2270
55071	97
5508	675
55080	190
5509	53
55094	254
551	10928
5510	19
55100	20
5511	17
55110	24
55116	58
55118	949
5512	35
5513	76
5514	14
5515	141
55154	14
55156	9
55159	2
5516	167
5517	43
55176	90
55178	11
5518	17
5519	32
55190	4
552	7334
5520	14
55205	72
5521	157
5522	478
5523	324
55232	324
5524	662
55241	105
55245	192
55247	901
5525	332
55250	70
55253	211
55255	33
55257	29
55259	59
5526	100
55261	147
55267	443
55269	682
5527	358
55272	182
55274	217
55276	954
55278	29
5528	2357
55280	445
55282	290
55284	140
55286	98
55288	53
5529	252
55290	734
55292	33
553	9195
5530	654
5531	86
5532	86
5534	26
5535	16
5536	8
55363	427
5537	23
5538	235
5539	128
55391	18
554	357
5540	856
55402	15
5541	1457
55417	6
55419	18
5542	25
5543	102
5544	433
55440	4
55442	417
55444	271
5545	18
55451	104
5546	74
5547	10
5548	557
5549	25
55492	14
55498	9
555	8626
5550	86
55507	2
5551	25
55517	2
5552	60
5553	611
5554	13
5555	158
55553	117
55555	76
5556	348
55566	29
5557	44
55577	276
5558	15
5559	29
556	732
5560	90
55603	12
5561	102
5562	19
55620	6
5563	375
5564	345
5566	4
55668	4
5567	25
5568	391
55687	57
5569	174
5570	283
5571	9
5572	868
55721	51
55726	17
55729	87
5573	303
55732	92
5574	1339
5575	41
5576	12
55765	1389
55768	249
5577	1360
5579	10
558	831
5580	89
55805	365
5581	138
55814	338
5582	363
55820	2411
5583	34
55830	453
5584	298
55844	3
5585	271
55851	16
55854	22
5586	13
5587	42
55872	173
5588	152
5589	185
55895	16
559	31
5590	25
55901	4
55908	305
5591	80
5592	27
55926	17
5593	57
55946	115
5595	28
55955	63
5596	147
5597	167
5598	115
5599	25
55995	445
55999	117
56	48
560	29
5600	78
56001	47
56003	99
5601	124
5602	526
56028	3
5603	346
56030	2
5604	219
5605	99
5606	40
56060	22
56067	2
5607	150
5608	727
5609	385
561	151
5610	419
5611	395
5612	194
5613	429
5614	36
56141	19
56145	310
5615	64
56152	566
56156	263
56158	17
56165	32
56167	15
56169	97
5617	1954
56171	554
56174	1602
56176	133
5618	4835
5619	110
562	3621
5620	1602
5621	807
5622	25
5623	7
5624	24
5625	365
56251	281
5626	6
5627	22
56274	100
5628	281
56286	157
5629	178
563	226
5630	2706
5631	15
5632	303
5633	277
56333	242
56339	340
5634	18
5635	121
5636	150
56367	2482
5637	278
5638	266
56389	98
5639	68
564	202
5640	183
5641	41
5642	215
5643	204
5644	247
5645	37
5646	307
5647	134
5648	152
5649	428
565	383
5650	966
56508	51
5651	250
56511	9
5652	29
5653	63
5654	9
5655	106
5656	30
56563	55
5657	102
5658	28
56587	397
5659	28
566	101
5660	63
56607	215
5661	18
5662	61
5663	150
56633	10
5664	97
5665	291
5666	613
5667	325
56671	3
5668	561
5669	6127
567	195
5670	366
56700	13
5671	9
56715	117
56719	10
5672	233
5673	2749
5674	13
56744	2
5675	127
56757	913
5677	156
56775	495
5678	312
56782	1207
56788	661
5679	4639
568	257
5680	391
56801	254
56805	220
5681	31
5682	150
5683	2
5684	113
5685	445
5686	245
5687	31
5688	81
56885	194
5689	167
569	1053
5690	1141
56908	20
5691	262
56915	73
5692	125
56921	57
5693	1463
5694	274
56941	181
56945	34
56949	320
5695	18
5696	298
5697	39
5698	3
5699	56
57	1559
570	143
5700	33
5701	32
5703	52
5704	5
5705	297
5706	23
5707	341
5708	14
5709	29
571	142
5710	32
5711	6
5712	353
5713	2
5714	19
57147	98
5715	23
5716	9
5717	47
5718	45
5719	21
572	25
5720	6
5721	147
5722	34
57223	65
5723	152
5724	14
57243	90
5725	22
5726	48
5727	11
57274	71
5728	28
5729	79
573	126
5730	43
5731	91
5732	223
57326	69
5733	44
5734	111
5735	153
57353	77
5736	107
57368	905
5737	96
57370	36
5738	85
5739	94
574	900
5740	64
57401	85
5741	44
5742	45
5743	120
5744	16
5745	146
5746	23
57464	105
5747	1088
57473	2
57476	20
5748	7
57480	2
57484	4
5749	180
57499	4
575	1420
5750	11
57504	41
57509	11
5751	10
5752	264
57520	42
57522	18
57526	118
57528	371
5753	28
57530	6
57532	144
57534	85
57536	60
57538	31
5754	67
5755	39
57550	2
5756	24
5758	2
5759	16
576	17
5760	55
5761	36
5762	34
5763	64
5764	95
57640	464
5765	222
57655	8
5766	6
57669	706
5767	35
5768	104
5769	84
57690	14
577	377
5770	35
5771	56
5772	386
5773	134
5774	26
5775	21
5776	15
5777	174
5778	16
5779	99
57792	32
5780	209
5781	38
57811	2
5782	1825
5783	52
5784	653
57845	41
57848	5
5785	1381
5786	19
57865	3
5787	264
5788	165
5789	27
579	18
5790	17
5791	1443
57910	80
5792	497
5793	6
5794	45
57949	23
5795	25
57951	143
5796	397
57964	5
5797	208
5798	30
5799	222
58	6951
580	378
5800	86
5801	290
5802	90
58025	489
58029	2
5803	553
5804	454
58047	237
5806	26
5807	14
58078	64
5808	119
58084	5
5809	461
581	1156
5810	2244
58103	368
58105	204
58107	89
5812	1224
5813	31
5814	2
58146	28
5815	109
58154	196
58156	172
5816	6488
58162	152
5817	130
5818	169
5819	32
58191	78
582	82
5820	264
5821	42
5822	24
5823	14
5824	87
58246	54
5825	127
5826	222
5827	17
5828	13
5829	129
58291	32
58293	301
58295	605
58297	123
58299	213
583	151
5830	106
58301	94
58303	221
58306	136
58309	12
5831	6
58315	84
5832	60
5833	459
58332	36
58334	37
5834	26
58347	80
5835	8
58351	107
5836	169
58367	15
5837	8
58376	30
5838	69
58381	9
5839	191
584	20
5840	193
5841	284
58418	34
5842	48
5843	403
58439	10
5844	7
5845	37
5846	36
5847	215
5848	28
5849	2
58490	102
58492	46
58494	32
585	5516
5850	11
5851	19
5852	98
5853	500
5854	92
5855	58
58559	2598
5856	12
58564	2
5857	35
5858	30
5859	107
586	15356
5860	20
5861	5
5862	66
58622	50
58627	37
5863	44
5864	105
5865	16
58652	15
58655	90
5866	12
5867	182
5868	49
5869	74
587	17194
5870	14
58706	29
5871	2
5872	2605
5873	372
5874	222
5875	188
5876	1053
5878	1604
58783	27
5879	306
588	23531
5880	60
58803	435
58806	118
58808	2
5881	1442
5882	661
5883	124
58839	95
5884	39
5885	34
5886	6
5887	28
58876	61
58879	47
5888	72
5889	18
58898	3
589	28948
5890	424
5891	133
5892	20
5893	546
5894	12
5895	7
5896	108
58964	6
5897	2
58972	50
58975	78
5898	139
5899	561
58998	674
59	135
590	25912
5900	828
59000	4
5901	113
59014	86
59016	146
59018	181
5902	4471
59022	228
59026	31
5903	2290
59037	129
5904	4
59044	2
5906	14
59065	12
5907	20
5908	19
5909	138
591	21
5910	14
59103	225
59105	31
59107	17
5911	34
59118	69
5912	14
59126	65
59129	9
5913	27
5914	108
59141	133
59143	36
5915	101
59154	2
59157	4
5916	70
5917	24
59173	7
5918	34
5919	36
592	26996
5920	5
5921	10
5922	11
5923	94
5924	44
5925	34
59256	38
59258	151
5926	42
5927	313
5928	55
5929	28
59290	10
59295	34
593	33668
5930	45
59306	37
5931	26
59315	2013
5932	122
5933	98
59333	84
59336	91
59339	13
5935	50
5936	95
59362	14
59369	70
5937	89
5938	318
59382	22
59387	180
5939	24
59392	42
594	10339
5940	261
59404	29
5941	521
59418	7
5942	462
59421	131
5943	1008
5944	1618
59440	35
5945	2768
5946	22
5947	138
59478	3
5948	15
5949	179
595	19878
5950	3
59501	309
5951	126
59519	38
5952	14389
5953	28
5954	2053
5955	758
5956	3358
5957	1235
5958	152
5959	928
59590	53
59594	52
596	7100
5960	100
59604	37
59607	19
5961	159
59615	1099
5962	229
5963	108
5964	33
5965	186
59655	2
5966	45
5967	5
5968	194
59684	2
5969	369
597	19229
5970	917
59709	11
5971	1623
59715	38
5972	30
59721	31
59725	294
59727	107
59729	17
5973	5
59731	83
59738	7
5974	158
5975	83
5976	11
5977	53
5978	22
59784	644
5979	29
59795	17
598	78
5980	108
5981	225
59810	70
59816	3
5982	21
5983	110
59832	2
59834	7
5984	63
5985	52
59854	2
59858	2
5986	56
5987	47
5988	81
5989	7573
599	1750
5990	115
59900	265
59908	36
5991	4249
59910	23
59912	15
59915	30
5992	2095
5993	133
5994	249
5995	4212
5996	27
5997	16
5998	51
59985	75
5999	242
59995	97
6	13696
60	3344
600	190
6000	14
6001	816
6002	183
6003	1616
60037	328
6004	7
60040	585
60044	2
60046	9
6005	313
6006	594
60069	1389
6007	3
60072	497
60074	615
6008	103
6009	30
601	74
6010	59
6011	32
6012	233
60126	403
6013	319
60133	7
60135	8
60137	12
6014	337
60141	14
60147	10
6015	15
6016	4370
60161	159
6017	50
6018	6
6019	28
602	208
6020	45
60201	8
6021	110
6022	111
6023	179
6024	38
6025	145
6026	6
6027	291
6028	16
60286	8
60289	23
6029	29
60291	59
60293	66
60295	23
603	397
6030	39
60309	4
6031	162
6032	125
60322	11
6033	41
60333	40
6034	11
60341	11
6035	76
6036	63
60363	34
6037	61
6038	36
60389	5
6039	254
60393	2
60397	178
604	2
6040	287
6041	84
60411	4
60418	15
6042	76
6043	12
6044	77
6045	63
6046	9
6047	62
60471	2
60475	5
6048	11
60484	2
60487	178
6049	56
605	2070
6050	37
60503	5
6051	122
60514	126
60516	50
6052	9
60522	34
60524	6
60526	12
6053	30
60530	3
6054	53
6055	32
6056	52
6057	101
6058	830
6059	1293
60590	4
606	955
6060	296
6061	12
60618	4
6062	607
6063	247
6064	86
60647	70
60649	21
6065	53
60654	7
6066	82
6067	113
60674	46
6068	17
60688	8
6069	7
607	11
6070	36
6071	7
6072	42
60728	2
6073	9
60735	9
6074	13
60745	2
6075	15
60753	141
60756	179
60758	16
6076	32
60760	155
60763	20
60766	80
60768	6
6077	110
6078	342
6079	2
608	23794
6080	16
6081	9
6082	112
6083	36
60832	35
6084	50
6086	27
6087	33
6088	25
6089	12
60894	8
609	1484
6090	25
6091	37
6092	85
6093	514
60937	141
60939	15
6094	112
60941	16
60943	23
60946	5
60948	10
6095	10
60950	161
6096	29
6097	6
6098	3
6099	36
60990	3
61	1476
610	4544
6100	250
6101	230
61011	2
6102	65
61024	264
6103	19
6104	1247
6105	82
6106	5
6107	78
61071	57
61073	19
61075	42
6108	15
6109	54
611	1101
6110	14
6111	30
6112	6
61123	38
6113	13
61132	588
6114	25
6115	82
6116	104
61160	127
61167	32
6117	11
6118	41
6119	32
612	1039
6120	64
6121	41
61210	11
6122	303
6123	71
61236	4
6124	86
61240	95
61246	46
61248	96
6125	193
61250	55
61255	18
61257	2
6126	67
61262	39
61264	5
61267	7
61269	2
6127	66
6128	50
61289	29
6129	28
613	1443
6130	22
6131	29
61312	4
6132	37
61323	572
6133	15
6134	37
61348	40
6135	39
61350	83
61352	86
61354	17
61357	2
6136	2
61361	23
6137	5
6138	11
6139	31
61394	28
614	114
6140	99
61401	9
6141	91
61414	2
6142	7
6143	190
61434	2
6144	41
6145	14
6146	8
61465	46
6147	39
61470	5
61473	2
6148	42
6149	13
615	431
6150	6
6151	14
6152	51
6153	166
6154	72
6155	1590
6156	1309
61560	2
6157	2392
6158	123
6159	194
616	4074
6160	44
6161	25
6162	122
6163	224
61634	2
6164	11
61646	4
6166	595
6167	6
61678	22
6168	39
6169	61
61697	54
617	331
6170	515
61705	20
6171	4
6172	20
61724	2
61729	94
6173	58
6174	32
61742	2
6175	5
6176	64
6177	45
6178	113
6179	37
618	229
6180	68
6181	86
61816	2
61818	13
6182	43
6183	434
6184	669
6185	249
6186	203
6187	962
6188	2598
619	443
6190	54
6191	10
6192	62
6193	171
61931	13
61934	7
61937	4
6194	27
61941	3
6195	87
6196	288
61961	11
61967	5
6197	527
6198	37
61986	43
6199	2
61991	4
62	11954
620	22
6200	44
62000	2
6201	142
62010	2
6202	70
6203	115
6204	120
62049	64
6205	23
62054	2
6206	37
6207	27
6208	44
62081	136
6209	2
621	223
6210	51
6211	55
62113	44
6212	614
6213	734
62137	14
6214	505
6215	371
62153	4
62155	57
6216	379
6217	86
6218	3629
6219	335
62198	5
6220	281
62203	2
6221	33
6222	117
6223	279
62235	10
6224	6
6225	43
62250	25
6226	57
62265	2
6227	12
62277	2
6228	101
6229	59
62293	67
62299	5
623	21
6230	177
6231	77
6232	199
6233	131
62331	3
62334	4
62336	62
6234	80
62344	43
6235	482
6236	40
6237	202
62374	109
62376	13
6238	740
62383	4
62385	3
6239	377
62390	2
62394	106
624	30
6240	68
6241	85
6242	1301
6243	186
62434	158
62437	69
62439	10
6244	184
6245	96
6246	19
6247	96
6248	30
6249	177
625	17
6250	759
6251	106
62511	32
6252	302
62526	11
6254	271
6255	32
62553	11
6256	9
6257	50
62577	2
6258	32
62586	5
6259	58
626	407
6260	96
6261	46
6262	15
6263	503
6264	792
62644	2
6265	258
6266	382
62662	2
6267	48
6268	266
6269	184
627	1142
6270	282
6271	238
62718	2
6272	33
6273	146
62733	35
6274	9
6275	8
6276	30
62764	2
6277	17
6278	10
62788	10
6279	257
62792	15
62796	5
62799	3
628	6579
6280	256
62801	19
62803	18
6281	2503
6283	1130
62834	13
62836	12
6284	29
62849	34
6285	68
6286	641
6287	1775
6288	292
6289	80
629	19
6290	406
6291	471
62912	23
62916	3
6292	7
62920	2
62925	3
6293	56
6294	766
6295	46
62956	141
6296	1687
6297	1168
62970	17
62972	2
6298	200
6299	746
62999	72
63	1343
630	152
6300	100
6301	484
6302	17
6303	888
63033	31
6304	75
6305	795
6306	153
63062	59
6307	25
6308	273
63082	108
6309	12
631	1255
6310	22
6311	69
63113	389
6312	49
63121	6
6313	45
63131	88
6314	115
6315	215
6316	283
6317	9
6318	81
63189	3
6319	174
632	195
6320	119
6321	33
6322	558
63222	20
6323	2414
63237	6
63239	24
6324	54
6325	133
6326	63
6327	151
63273	6
6328	14
63283	2
6329	60
633	226
6330	59
6331	1520
63310	2
6332	244
63329	13
6333	7312
63339	2
6334	98
6335	220
6336	19
6337	320
6338	459
6339	245
63393	12
634	229
6340	6
6341	207
6342	26
6343	10
63433	30
63436	40
6344	205
63446	4
6345	286
63458	8
6346	76
63468	2
6347	47
63479	12
6348	102
63481	2
6349	98
635	709
6350	1167
6351	89
63515	10
6352	68
6353	17
6354	31
63540	11
6355	37
6356	216
6357	255
6358	217
636	21
63617	2
63645	2
63647	2
6365	7646
6366	58
6367	922
63676	3
6368	148
6369	15
637	3398
6370	540
6371	156
6373	3847
6374	280
6375	128
6376	51
63760	2
63768	2
6377	9863
63772	2
6378	4410
63788	2
6379	349
63791	2
63793	3
638	372
6380	914
63808	2
6381	4
63810	2
6382	89
6383	1291
6384	21
6385	1875
63853	38
63859	48
6386	46
6387	141
63876	69
6388	29
639	763
6390	55
6391	25
6392	162
6393	2
6394	97
6395	46
6396	47
6397	6
6398	40
63989	3
63992	61
64	1335
640	2012
6400	87
6401	96
6402	8
6403	73
64030	32
64032	18
64034	8
6404	42
6405	207
6406	37
6407	35
6408	22
6409	45
641	49
6410	128
6411	17
64116	2
6412	170
6413	182
6414	26
6415	18
6416	100
6417	28
6419	89
64197	2
642	9
6420	6
6421	21
6422	157
64229	5
6423	92
64231	3
64234	4
6424	195
64249	26
6425	215
6426	50
6427	76
64273	2
64278	7
6428	384
64280	2
64285	34
6429	129
643	14
6430	85
6431	25
6432	47
64321	2
6433	180
64338	3
6434	27
6435	19
6436	416
6437	32
6438	22
6439	21
644	9
6440	1579
64408	2
6441	147
64410	2
6442	248
6443	10
6445	36
6446	66
6447	23
6448	353
6449	28
64497	56
64499	2
645	209
6450	107
64508	15
6451	61
64519	2
6452	140
6453	51
6454	120
6455	70
64550	2
6456	14
6457	139
64575	26
6458	90
6459	75
6460	245
6461	655
64614	42
6462	33
64620	49
64622	5
6463	20
6464	204
6465	11
6466	253
6467	49
6468	69
6469	56
647	4810
6470	89
64701	3
6471	28
64716	40
6472	23
6473	51
6474	23
6475	95
64750	2
6476	113
6477	104
6478	148
6479	22
648	21085
6480	143
6481	109
6482	721
6483	216
64839	28
6484	423
6485	143
6486	55
6487	29
6488	90
6489	4
64895	2
649	82
6490	10
64900	5
64906	2
64918	2
6492	25
64921	2
6493	307
64930	2
6494	8
6495	32
64957	75
6496	3
64969	27
6497	31
6498	66
64983	28
64986	2
6499	13
64990	2
64997	31
65	2612
650	884
6500	33
6501	2
6502	4542
6503	2104
65037	5
6505	37
6506	107
6507	8
6508	68
65088	6
6509	123
65091	2
651	30
6510	55
6511	14
6512	26
65126	2
6513	34
65133	6
6514	2
6515	24
6516	147
6517	183
6518	118
6519	107
652	51
6520	36
6521	73
6522	36
6523	201
6524	67
6525	137
6526	58
6527	60
6528	69
6529	6
653	8551
6530	219
6531	108
6532	21
6533	356
6534	2298
6535	1015
6536	312
6537	3956
6538	787
6539	10644
654	13
6540	26
6541	2206
6542	231
6543	16
6544	51
6545	151
6546	15
6547	138
6548	1298
6549	131
655	12
6550	908
6551	24
6552	1148
6553	7
6554	62
6555	14
6556	12
6557	28
6558	292
6559	228
656	747
6560	50
6561	303
6562	62
6563	41
6564	1380
6565	2498
6566	351
6567	370
6568	154
6569	31
657	25
6570	18
6571	88
6572	33
6573	55
6574	56
6575	47
6576	35
6577	81
6578	31
6579	173
658	38
6580	5
6581	132
6582	307
6583	82
6584	283
6585	32
6586	1180
6587	352
6588	30
6589	2
659	258
6590	5
6591	554
6592	194
6593	1171
6594	2
6595	1312
6596	250
6597	89
6598	185
6599	28
66	1518
660	83
6600	23
6601	47
6602	50
6603	23
6604	13
6605	21
6607	14
6608	10
6609	73
661	5626
6610	39
6611	143
6612	201
6613	69
6614	205
6615	742
6616	55
6617	703
6618	1212
6619	250
662	1705
6620	1861
6621	5
6622	7
6623	24
6624	321
6625	110
6626	28
6627	10
6628	92
6629	169
663	2167
6630	94
6631	51
6632	2
6633	4
6634	2
6635	32
6636	505
6637	23
6638	237
6639	536
664	223
6640	6
6641	56
6642	82
6643	242
6644	35
6645	525
6646	121
6647	25
6648	33
6649	37
665	578
6650	372
6651	33
6652	76
6653	63
6654	5
6655	13
6656	21
6657	50
6658	364
6659	1615
666	99
6660	174
6661	3
6662	1338
6663	749
6664	829
6665	106
6666	365
6667	168
6668	183
6669	482
667	676
6670	58
6671	96
6672	102
6673	21
6674	3
6675	2
6676	45
6677	5
6678	227
6679	103
668	406
6680	61
6681	30
6682	37
6683	58
6684	89
6685	24
6686	240
6687	174
6688	19
6689	50
6690	44
6691	4
6692	43
6693	3
6694	2
6695	309
6696	83
6698	3
6699	46
67	118
670	423
6700	29
6701	33
6702	199
6703	187
6704	15
6705	138
6706	18
6707	516
6708	2437
6709	1548
671	3620
6710	180
6711	7096
6712	2
6713	198
6714	63
6715	13
6716	20
6717	20
6718	119
6719	29
672	21
6720	135
6721	488
6722	205
6723	101
6724	625
6725	182
6726	6
6727	77
6728	25
6729	28
673	5114
6730	121
6731	502
6732	254
6733	13
6734	265
6735	144
6736	32
6737	15
6738	4
6739	13
674	1950
6740	42
6741	36
6742	16
6743	484
6744	234
6745	32
6746	38
6747	59
6748	134
6749	85
675	23
6750	221
6751	195
6752	53
6753	1029
6754	1781
6755	1004
6756	74
6757	56
6759	27
676	21
6760	65
6761	57
6762	33
6763	332
6764	747
6765	748
6766	2
6768	180
6769	69
6770	280
6771	46
6772	228
6773	1472
6774	704
6775	41
6776	307
6777	383
6778	13
6779	193
678	1462
6780	272
6781	52
6782	130
6783	331
6784	106
6785	429
6786	470
6787	1939
6788	60
6789	132
679	68
6790	288
6791	584
6792	40
6793	650
6794	458
6795	47
6796	1880
6797	338
6798	151
6799	9
68	798
680	599
6800	335
6801	29
6802	64
6803	179
6804	30
6805	72
6806	72
6807	4035
6808	624
6809	125
681	219
6810	660
6811	326
6812	225
6813	104
6814	57
6815	112
6816	160
6817	102
6818	120
6819	24
682	42
6820	402
6821	34
6822	25
6823	33
6824	28
6825	39
6826	64
6827	202
6828	38
6829	61
683	24
6830	14
6831	5
6832	527
6833	9
6834	27
6835	12
6836	4
6837	52
6839	58
684	14
6840	64
6841	43
6842	22
6843	13
6844	54
6845	18
6846	12
6847	2
6848	43
6849	135
685	355
6850	308
6851	123
6852	450
6853	19
6854	44
6855	18
6856	274
6857	887
6858	229
6859	77
6860	46
6861	16
6862	396
6863	4176
6864	87
6865	8
6866	11
6867	1605
6868	258
6869	160
687	71
6870	3812
6871	43
6872	231
6873	1269
6874	8848
6875	45
6876	32
6877	14
6878	5
6879	1539
688	1863
6880	662
6881	740
6882	159
6883	115
6884	193
6885	269
6886	111
6887	419
6888	1134
6889	431
6890	838
6891	2
6892	85
6893	1145
6894	18
6895	41
6896	95
6897	27
6898	155
6899	38
69	2387
690	54
6900	96
6901	10
6902	212
6903	26
6905	25
6906	30
6907	12
6908	14
6909	237
691	728
6910	96
6911	30
6912	13
6913	9
6914	8
6915	2
6916	12
6917	5
6918	182
6919	10
692	594
6920	129
6921	29
6923	40
6924	34
6925	31
6926	28
6927	318
6928	29
693	19
6930	13
6931	19
6932	626
6933	4
6934	5290
6935	106
6936	2007
6937	12
6938	16
6939	46
694	1757
6940	20
6942	3571
6944	1369
6945	135
6946	243
6947	3332
6948	75
6949	42
695	559
6950	385
6951	411
6952	971
6953	2584
6954	607
6955	4
6956	7
6957	1692
6958	277
6959	457
696	60
6960	7
6961	59
6962	7
6963	212
6964	31
6965	32
6966	673
6967	60
6968	18
6969	43
697	749
6970	263
6971	170
6972	13
6973	89
6974	510
6975	232
6976	92
6977	277
6978	303
6979	2459
698	90
6980	56
6981	54
6982	61
6983	128
6984	131
6985	300
6986	421
6987	608
6988	63
6989	325
699	12
6990	186
6991	291
6992	252
6993	974
6994	103
6995	96
6996	618
6997	219
6998	89
6999	190
7	8064
70	7119
700	763
7000	574
7001	743
7002	42
7003	160
7004	1680
7005	318
7006	50
7007	656
7008	390
7009	340
701	61
7010	140
7011	88
7012	132
7013	579
7014	84
7015	101
7016	194
7017	471
7018	618
7019	155
702	209
7020	202
7021	61
7022	1768
7023	494
7024	121
7025	227
7026	259
7027	700
7028	358
7029	101
703	213
7030	189
7031	77
7032	69
7033	317
7034	851
7035	88
7036	562
7037	104
7038	106
7039	173
704	1160
7040	343
7041	78
7042	219
7043	112
7044	713
7045	480
7046	1024
7047	78
7048	216
7049	46
705	281
7050	50
7051	102
7052	19
7053	17
7054	103
7055	131
7056	206
7057	67
7058	142
7059	191
706	163
7060	423
7061	114
7062	307
7063	475
7064	419
7065	203
7066	40
7067	143
7068	100
7069	144
707	2938
7070	253
7071	114
7072	414
7073	576
7074	93
7075	335
7076	753
7077	17
7078	107
7079	228
708	9604
7080	128
7081	27
7082	152
7083	35
7084	473
7085	84
7086	139
7087	242
7088	204
7089	271
709	1405
7090	3511
7091	429
7092	69
7093	83
7094	37
7095	124
7096	131
7097	24
7098	4
7099	958
71	815
710	807
7100	15
7101	537
7102	404
7103	46
7104	312
7105	3
7106	22
7107	278
7108	40
7109	30
711	1241
7110	11
7111	45
7112	19
7113	14
7114	96
7115	167
7116	426
7117	205
7118	139
7119	92
712	125
7120	14
7121	484
7122	173
7123	613
7124	129
7125	41
7126	66
7127	35
7128	76
7129	9
713	98
7130	36
7131	38
7132	713
7133	32
7134	69
7135	213
7136	85
7137	902
7138	8
7139	1264
714	1712
7140	3
7141	44
7142	174
7143	4638
7144	2
7146	7
7147	5238
7148	34
7149	1447
715	389
7150	505
7151	970
7152	40
7153	12366
7154	1042
7155	618
7156	1173
7157	106
7158	1128
7159	5
716	193
7160	1825
7161	656
7162	1834
7163	1174
7164	574
7165	156
7166	6
7167	91
7168	24
7169	189
717	57
7170	22
7171	106
7172	30
7173	1184
7174	31
7175	131
7176	25
7177	199
7178	291
7179	92
718	508
7180	14
7181	40
7182	25
7183	29
7184	19
7185	47
7186	32
7187	14
7188	27
7189	49
719	4360
7190	70
7191	48
7192	29
7193	319
7194	33
7195	36
7196	22
7197	27
7198	95
7199	116
72	712
720	4356
7200	28
7201	44
7202	68
7203	35
7204	28
7205	97
7206	209
7207	66
7208	151
7209	261
721	15
7210	192
7211	62
7212	156
7213	25
7214	10
7215	433
7216	257
7217	177
7218	210
7219	70
722	238
7220	54
7221	32
7222	152
7223	183
7224	33
7225	154
7226	33
7227	99
7228	366
7229	45
723	25
7230	28
7231	20
7232	30
7233	2
7234	377
7235	445
7236	196
7237	33
7238	107
7239	40
724	4557
7240	22
7241	73
7242	9
7243	95
7244	24
7245	5
7246	6
7247	748
7248	28
7249	53
725	973
7250	140
7251	30
7252	41
7253	28
7254	3356
7255	345
7256	888
7257	214
7258	176
7259	140
726	356
7260	89
7261	139
7262	47
7263	994
7264	15
7265	443
7266	79
7267	29
7268	13
7269	16
727	20
7270	32
7271	5
7272	72
7273	13
7274	29
7275	38
7276	23
7277	9
7278	19
7279	10
728	2275
7280	53
7281	34
7282	13
7283	78
7284	72
7285	951
7286	86
7287	26
7288	13
7289	27
729	59
7290	16
7291	13
7292	70
7293	2164
7294	253
7295	17
7297	146
7298	7
7299	181
73	1632
730	46
7300	131
7301	78
7302	84
7303	404
7304	88
7305	178
7306	43
7307	122
7308	179
7309	25
731	552
7310	168
7311	287
7312	32
7313	70
7314	43
7315	66
7316	180
7317	719
7318	1600
7319	204
732	153
7320	189
7321	164
7322	2
7323	1662
7324	791
7325	1676
7326	93
7327	353
7328	47
7329	15
733	17964
7330	8
7331	25
7332	22
7333	77
7334	137
7335	116
7336	20
7337	12
7338	96
7339	2
734	38
7340	158
7341	22
7342	27
7343	21
7344	2
7345	116
7346	891
7347	1127
7348	473
7349	58
735	665
7350	2
7351	20
7352	173
7353	65
7354	230
7355	98
7356	7
7357	51
7358	26
7359	36
736	18801
7360	1742
7361	8393
7362	453
7364	226
7365	109
7366	600
7367	1006
7368	29
7369	342
737	2757
7370	5
7371	1162
7372	111
7373	2527
7374	138
7375	221
7376	378
7377	196
7378	45
7379	205
738	15
7380	348
7381	436
7382	205
7383	68
7384	40
7385	28
7386	967
7387	1223
7388	41
7389	115
739	9
7390	14
7391	60
7392	26
7393	24
7394	145
7395	226
7396	192
7397	9
7398	13
7399	29
74	2192
7400	7
7401	12
7402	41
7403	16
7404	2
7405	46
7406	39
7407	13
7408	29
7409	2
741	3549
7410	102
7411	16
7412	5
7413	8
7414	56
7415	50
7416	120
7417	52
7418	24
7419	566
742	1138
7420	29
743	3356
7437	109
7438	7555
7439	633
744	30
7440	76
7441	2
7442	93
7443	7
7444	965
7445	1948
7446	11
7447	3
7448	271
7449	229
745	6332
7450	253
7451	1887
7453	110
7454	1569
7455	7
7456	50
7457	33
7458	2702
7459	145
746	184
7460	534
7461	17
747	678
7474	46
7477	3
7478	212
7479	20
748	3292
7480	54
7481	501
7482	1303
7483	8
7484	240
7485	59
7486	155
7487	137
7488	25
7489	125
749	29
7490	24
7491	31
7492	48
7493	222
75	355
750	11774
751	90
752	26
7521	23
7523	47
753	359
754	223
7541	57
755	100
756	73
7560	415
7561	40
7562	84
7563	19
7564	126
7565	19
7566	300
7569	1089
757	94
7570	686
7571	32
7572	272
7573	441
7574	32
7577	87
7578	29
7579	263
758	19
7580	61
7581	98
7582	8
7583	13
7584	201
7585	46
7586	79
7587	251
759	232
76	2068
760	501
761	2320
7613	63
7614	324
7615	44
7616	161
7617	137
7618	452
7619	348
762	5512
7620	123
7621	7
7622	3
7623	7
7624	333
7625	23
7626	71
7627	6
763	34
7636	108
7637	68
7638	28
7639	4
764	391
7644	2
7645	11
7646	130
7647	163
7648	10
7649	543
765	2642
7650	53
766	1175
767	196
7675	49
768	25
769	105
7697	35
7698	504
7699	7
77	143
770	16
7700	261
7701	801
7702	88
7703	27
7704	109
7705	145
7706	448
7707	111
7708	227
771	96
7713	131
7714	159
7716	70
7719	16
772	22
7720	331
7723	30
7724	33
7725	130
7726	4
7727	49
7728	280
773	18
7730	63
7738	6
7739	26
774	23
7742	51
7743	221
7745	156
7748	105
7749	103
775	81
7751	6
7752	7
7753	47
7754	2
7756	126
7757	413
7758	19
7759	72
776	30
7761	18
7762	142
7763	61
7764	28
7766	453
7767	159
7768	13
7769	23
777	18
7770	44
7771	227
7772	9
7773	209
7774	27
7775	26
778	11791
7781	216
7782	173
7783	3
7784	40
7785	36
7786	79
7787	61
7789	58
779	302
7790	100
7791	169
7792	210
78	767
780	26042
7802	547
7808	6
7809	158
781	1235
7810	283
7811	210
7812	217
7813	16
7814	16
7815	94
7816	3
7817	197
7818	31
782	1698
7820	176
7821	12
7822	31
7824	3
7825	2
7826	178
7827	293
7828	7
783	5803
7831	161
7832	117
7833	142
7834	231
7835	86
7836	499
7837	16
7838	2
7839	18
784	8274
7840	226
7841	378
7842	736
7843	44
7844	175
7845	232
7846	139
7847	60
785	5997
786	9821
787	68
7872	14
7878	23
7879	125
788	10901
7880	10
7881	54
7882	20
7883	82
7884	66
7885	28
7886	23
7887	16
7888	135
7889	123
789	32
7890	24
7891	80
7892	50
7893	24
7894	148
7895	91
7896	90
7897	73
7898	27
7899	81
79	3485
790	71
7900	21
7901	12
791	69
7912	19
7913	18
7914	32
7915	112
7916	49
7917	23
7918	78
7919	44
792	32
7920	63
7921	27
7922	26
7923	42
7924	195
7925	440
7926	229
7928	11
793	79
7930	105
7931	7
7932	207
7933	111
7934	523
7935	12
7936	59
7937	131
7938	127
7939	116
794	70
7940	58
7941	134
7942	44
7943	215
7944	103
7945	10
7946	25
7947	36
7948	27
7949	39
795	66
7950	6
7951	99
7952	8
7953	7
7954	23
7958	16
7959	32
796	30
797	81
7976	98
7979	137
798	1867
7980	568
7981	740
7982	225
7983	309
7984	105
7985	2
7986	47
7987	31
7988	58
7989	18
799	3496
7990	126
7991	226
7992	9
7993	39
7994	14
7995	21
8	899
80	368
800	4529
8003	21
8004	23
8007	37
8008	223
8009	20
801	953
8010	247
8011	209
8012	270
8013	37
8014	600
8015	128
8016	245
8017	45
8019	289
802	7462
8024	47
8025	36
803	354
8033	219
8035	42
8037	6
8038	2
8039	252
804	1438
8040	50
8041	6
8042	579
8043	46
8044	138
8045	221
805	6771
8056	44
8057	35
806	346
8062	43
8063	38
8068	5
8069	10
807	122
8070	13
808	502
809	895
8092	36
8093	71
8094	246
8095	3
81	2040
810	1067
8117	104
8118	47
8119	121
812	20
8120	5
8121	135
8122	3
8123	49
8124	22
8125	165
8126	55
8127	35
8128	306
8129	48
813	299
8130	58
8131	147
8132	1178
8133	38
8134	78
8136	14
8137	22
8138	28
8139	12
814	7
8140	25
8141	14
8142	71
8143	35
8147	288
8149	22
815	18
8153	64
8154	511
8157	255
8158	262
816	49
8167	243
8168	25
8169	493
818	1743
8183	363
8187	26
8188	74
8189	30
819	39
8190	69
8191	147
8194	35
8195	163
8196	92
8197	162
8198	30
8199	141
82	1585
820	37
8201	62
8202	17
8203	7
8206	32
8207	807
8208	50
821	36
822	25
8220	7
8221	83
8222	48
8224	5
8225	265
8227	37
8228	1226
823	51
8232	22
8235	135
8236	20
8237	2
8238	24
8239	133
824	248
8240	13
8241	29
825	12
8252	14
8253	358
8254	191
8255	18
8256	53
8257	34
8258	36
8259	53
826	14
8260	43
8261	136
8263	31
8264	87
8265	40
8266	310
8267	9
8268	237
8269	23
827	113
8270	138
8272	26
8273	79
8275	45
828	926
829	1094
8290	41
8291	125
8292	27
8293	20
8294	13
8295	84
83	398
830	3713
8302	49
831	141
832	8550
8327	147
8329	6
833	891
8330	36
8331	42
8332	50
8334	106
8335	2
8336	53
8337	494
8338	135
8339	7
834	133
8340	1077
8341	271
835	594
836	2823
8360	6583
8361	2364
8362	245
8363	150
8364	185
8365	66
8366	1163
8367	48
8368	5304
8369	285
837	2722
8370	750
8371	1343
8372	490
8373	928
8374	22
8375	51
8376	2843
8377	37
8378	86
8379	149
838	4476
8380	34
8381	23
8382	45
8383	52
8384	19
8385	67
8387	481
8388	18
839	2294
8391	31
8392	24
8393	22
8395	43
8397	19
8398	9
8399	7
84	95
840	426
8400	54
8401	130
8402	16
8403	16
8404	215
8405	89
8407	26
841	209
8410	55
8411	3
842	1304
8421	18
8422	22
8423	17
8424	5
8425	32
8426	59
8427	21
843	43
844	113
8446	111
8447	75
845	46
8450	4
8451	163
8452	11
8453	17
8454	23
8455	5
8456	28
8457	2
8458	6
8459	110
846	263
8460	67
8462	19
8463	32
8464	3760
8465	6
847	78
8477	241
8478	10
848	1299
8480	14
8481	50
8482	186
8483	11
8484	16
8485	75
8486	26
8487	83
8488	25
849	4267
8491	293
8492	368
8493	811
8494	91
8495	71
8496	66
8499	75
85	1732
850	138
8501	372
8502	68
8503	38
8504	44
8505	31
8506	25
8507	519
851	959
8511	35
8512	159
8516	89
8518	17
8519	4
852	6439
8520	96
8521	121
8522	44
8524	34
8525	40
8526	397
8527	108
8528	2408
8529	2368
853	74
8530	367
8531	462
8532	250
8533	1194
8534	76
8535	179
8536	2
8537	58
854	121
8540	28
8542	438
8543	41
8544	17
855	26
856	39
857	27
8571	89
8572	23
8573	92
8574	110
8575	110
8576	231
8577	27
8578	100
8579	16
858	19814
8580	194
8581	467
8582	218
8583	17
8584	46
8585	49
8586	13
8587	35
8588	68
8589	338
859	6
8591	219
8592	5
8593	52
8594	5
8595	45
8596	582
8597	5
8598	52
8599	3
86	2732
860	239
8600	212
8601	47
8602	43
8603	3
8604	388
8605	123
8606	6
8607	227
8608	40
8609	86
861	1619
8610	474
8611	37
8612	72
8613	16
8614	387
8615	24
8616	32
8617	48
8618	73
8619	15
862	229
8620	127
8621	7
8622	4149
8623	1295
8624	7
8625	10
8626	24
8628	6
8629	30
8630	3
8631	30
8632	9
8633	766
8634	71
8635	11
8636	6984
8637	9
8638	1326
8639	139
864	58
8640	977
8641	1834
8642	35
8643	207
8644	3837
8645	1106
8646	2
8647	13
8648	7
8649	30
865	62
8650	64
8651	86
8652	6
8653	10
8654	19
8655	30
8656	190
8657	34
8658	25
8659	8
866	3788
8660	17
8661	114
8662	54
8663	30
8664	15
8665	5229
8666	590
8667	161
8668	4
8669	27
867	210
8670	104
8671	15
8672	7
8673	7
8674	24
8675	79
8676	45
8677	27
8678	28
8679	6
868	53
8680	25
8681	16
8682	6
8683	31
8684	97
8685	7
8686	13
8687	21
8688	14
8689	52
869	373
8690	327
8691	3
8692	27
8693	12
8694	13
8695	104
8696	12
8697	7
8698	32
8699	2
87	588
870	283
8700	45
8701	65
8702	23
8703	14
8704	4
8705	20
8706	7
8708	2
8709	44
871	41
8710	75
8711	209
8712	156
8713	93
8714	19
8715	7
8716	15
8717	7
8718	58
8719	13
872	28
8720	97
8721	19
8722	40
8723	5
8724	93
8725	57
8726	71
8727	55
8728	17
8729	12
873	29
8730	60
8731	138
8732	50
8733	29
8734	14
8735	12
8736	5
8738	71
8739	61
874	48
8740	44
8741	9
8742	13
8743	19
8744	17
8745	27
8746	26
8747	29
8748	18
8749	26
875	307
8750	6
8751	85
8752	60
8753	60
8754	185
8755	46
8756	15
8757	19
8758	25
8759	8
876	183
8760	33
8761	39
8762	27
8763	7
8765	111
8766	19
8767	73
8768	53
8769	29
877	106
8770	13
8771	17
8772	215
8773	69
8774	16
8775	14
8777	13
8778	39
8779	74
878	21
8780	24
8781	1301
8782	121
8783	2029
8784	4041
8785	45
8786	37
8787	38
8788	19
8789	14
879	1372
8790	13
8791	8
8792	13
8793	24
8794	15
8795	80
8796	246
8797	76
8798	3644
8799	147
88	2680
880	3195
8800	238
8801	31
8802	4
8803	15
8804	15
8805	49
8806	2
8807	1426
8808	349
8809	163
881	718
8810	1443
8811	92
8812	5
8813	154
8814	321
8815	283
8816	18
8817	9
8818	25
8819	15
882	524
8820	18
8821	26
8822	28
8823	34
8824	6
8825	21
8826	34
8827	591
8828	17
8829	18
8830	245
8831	164
8832	75
8833	293
8834	18
8835	109
8836	245
8837	11
8838	257
8839	46
884	41
8840	31
8841	55
8842	7
8843	21
8844	40
8845	11
8846	34
8847	34
8848	81
8849	34
885	386
8850	50
8851	31
8852	35
8853	10
8854	32
8855	64
8856	15
8857	8
8858	10
8859	61
886	999
8860	633
8861	1008
8862	132
8864	163
8865	1508
8866	568
8867	25
8868	59
8869	152
887	27
8870	623
8871	33
8872	85
8873	1726
8874	3964
8875	52
8876	10
8877	2
8878	18
8879	538
888	425
8880	755
8881	20
8882	69
8883	4
8884	209
8885	37
8886	45
8887	17
8889	26
889	78
8890	8
8891	29
8892	20
8893	25
8894	126
8895	13
8896	21
8897	5
8898	24
8899	56
89	1978
890	19
8900	28
8901	11
8902	18
8903	40
8904	4
8905	152
8906	165
8907	839
8908	395
891	1194
8910	1542
8911	62
8912	247
8913	29
8914	692
8915	146
8916	386
8917	2110
8918	105
8919	113
892	870
8920	62
8921	39
8922	26
8923	122
8924	35
8925	3
8926	17
8927	61
8928	161
8929	56
893	370
8930	135
8931	71
8932	44
8933	125
8934	92
8935	28
8936	4
8937	666
8938	105
8939	281
894	14
8940	2
8941	31
8942	2
8943	217
8944	8
8945	2
8946	99
8947	862
8948	461
8949	3546
895	42
8950	1704
8951	407
8952	12
8953	2
8954	17
8955	125
8956	57
8957	2177
8958	1933
8959	249
896	317
8960	15
8961	8040
8962	13
8963	51
8964	20
8965	610
8966	927
8967	134
8968	394
8969	962
897	548
8970	3043
8971	21
8972	1850
8973	702
8974	371
8975	2
8976	5
8977	735
8978	175
8979	34
898	3534
8980	27
8981	1650
8982	97
8983	1880
8984	2348
8985	868
8986	41
8987	59
8988	51
8989	118
899	5249
8990	22
8991	33
8992	20
8993	20
8994	34
8995	17
8996	18
8997	18
8998	196
8999	118
9	2518
90	140
900	1763
9000	63
9001	34
9002	33
9003	12
9004	202
9005	145
9007	6
9008	23
9009	3
901	883
9010	192
9011	31
9012	4
9013	30
9014	20
9015	12
9016	6
9017	13
9018	401
9019	17
902	4834
903	7491
904	8825
905	2286
906	1134
907	514
908	8402
909	2679
910	5816
911	2137
912	12507
913	6637
914	5091
915	2655
916	3033
917	633
918	1074
919	12851
92	1425
920	8220
921	1555
922	3255
923	9605
924	13061
925	56
926	2530
927	509
928	2547
929	532
93	1165
930	2705
931	1296
932	1157
933	2631
934	2161
935	353
936	813
937	291
938	1063
939	62
94	2487
940	2171
941	592
942	1478
943	990
944	647
945	1246
946	792
947	947
948	1004
949	1236
95	13448
950	1857
951	2084
952	1460
953	7485
954	2955
955	2421
956	215
957	154
958	62
959	243
96	306
960	94
961	149
962	59
963	332
964	221
965	1949
966	71
967	94
968	4202
969	5852
97	895
970	227
971	1611
972	66
973	552
974	75
975	14
976	280
977	2
979	33
98	49
980	80
981	139
982	375
983	11
984	157
985	41
986	1538
987	183
988	345
989	45
99	469
990	580
991	1544
992	175
993	161
994	3227
996	2002
997	155
998	498
999	1999
